Abulón fresco	Carnes	42.0	6.8	2.4	0.3	0.0	120.5	0.0	40 g	1
Aceite	Aceites	44.0	0.0	0.0	5.0	0.0	0.0	0.0	1 cucharadita	1
Aceite comestible	Aceites	44.0	0.0	0.0	5.0	0.0	0.0	0.0	1 cucharadita	1
Aceite de aguacate	Aceites	44.0	0.0	0.0	5.0	0.0	0.0	0.0	1 cucharadita	1
Aceite de ajonjolí	Aceites	44.0	0.0	0.0	5.0	0.0	0.0	0.0	1 cucharadita	1
Aceite de algodón	Aceites	44.0	0.0	0.0	5.0	0.0	0.0	0.0	1 cucharadita	1
Aceite de almendra	Aceites	44.0	0.0	0.0	5.0	0.0	0.0	0.0	l cucharadita	1
Aceite de cacahuate	Aceites	44.0	0.0	0.0	5.0	0.0	0.0	0.0	1 cucharadita	1
Aceite de cacao	Aceites	44.0	0.0	0.0	5.0	0.0	0.0	0.0	1 cucharadita	1
Aceite de cañóla	Aceites	44.0	0.0	0.0	5.0	0.0	0.0	0.0	1 cucharadita	1
Aceite de cártamo	Aceites	44.0	0.0	0.0	5.0	0.0	0.0	0.0	1 cucharadita	1
Aceite de coco	Aceites	43.0	0.0	0.0	5.0	0.0	0.0	0.0	1 cucharadita	1
Aceite de girasol	Aceites	44.0	0.0	0.0	5.0	0.0	0.0	0.0	1 cucharadita	1
Aceite de girasol 6nd% con ácido linoleico	Aceites	44.0	0.0	0.0	5.0	0.0	0.0	0.0	1 cucharadita	1
Aceite de girasol 7nd% con ácido aleico	Aceites	44.0	0.0	0.0	5.0	0.0	0.0	0.0	1 cucharadita	1
Aceite de hígado de bacalao	Aceites	45.0	0.0	0.0	5.0	0.0	0.0	0.0	1 cucharadita	1
Aceite de maíz	Aceites	44.0	0.0	0.0	5.0	0.0	0.0	0.0	1 cucharadita	1
Aceite de oliva	Aceites	44.0	0.0	0.0	5.0	0.0	0.0	0.0	1 cucharadita	1
Aceite de oliva extra virgen	Aceites	44.0	0.0	0.0	5.0	0.0	0.0	0.0	1 cucharadita	1
Aceite de olivo	Aceites	44.0	0.0	0.0	5.0	0.0	0.0	0.0	1 cucharadita	1
Aceite de palma	Aceites	44.0	0.0	0.0	5.0	0.0	0.0	0.0	1 cucharadita	1
Aceite de soya	Aceites	44.0	0.0	0.0	5.0	0.0	0.0	0.0	1 cucharadita	1
Aceite de soya y algodón	Aceites	44.0	0.0	0.0	5.0	0.0	0.0	0.0	1 cucharadita	1
Aceite en spray	Aceites	44.0	0.0	0.0	5.0	0.0	0.0	0.0	5 disp. de un seg.	1
Aceituna negra sin hueso	Aceites	46.0	0.3	0.8	5.0	0.0	600.0	0.0	5 pieza	1
Aceituna verde con hueso	Aceites	46.0	0.3	0.8	5.1	0.0	604.8	0.0	6 pieza	1
Aceituna verde sin hueso	Aceites	44.0	0.3	0.8	4.8	0.0	576.0	0.0	8 pieza	1
Aceitunas rellenas de anchoa	Aceites	46.0	0.6	0.8	4.5	0.0	600.0	0.0	5 pieza	1
Aceitunas rellenas de pimiento	Aceites	44.0	0.0	2.6	3.5	0.0	306.3	0.0	7 pieza	1
Acelga cruda	Verduras	22.0	2.2	4.3	0.1	3.6	0.0	749.8	2 taza	1
Acelga picada cocida	Verduras	19.0	1.9	3.9	0.1	2.1	0.0	654.5	0.5 taza	1
Achiote	Condimentos	10.0	0.5	2.1	0.1	0.0	0.0	0.0	0.25 cucharada	1
Acociles	Carnes	37.0	7.4	0.9	0.5	0.0	0.0	0.0	50 g	1
Acti-Regularis sabor Ciruela Pasa (solido)	Lacteos	206.0	6.0	30.9	6.4	0.0	94.7	0.0	1.33333333333333 vasito	1
Acti-Regularis sabor Fresa (sólido)	Lacteos	206.0	6.0	30.9	6.4	0.0	94.7	0.0	1.33333333333333 pieza	1
Aderezo	Aceites	32.0	0.0	1.4	3.0	0.0	236.0	0.0	2 cucharada	1
Aderezo blue cheese	Aceites	38.0	0.4	0.6	3.9	0.0	82.0	0.0	0.5 cucharada	1
Aderezo blue cheese bajo en calorías	Azucares	86.0	1.7	10.4	15.0	0.0	582.9	0.0	4 cucharada	1
Aderezo con queso y ajo	Aceites	33.0	0.0	0.2	3.8	0.0	77.3	0.0	0.5 cucharada	1
Aderezo cremoso	Aceites	38.0	0.4	0.6	3.9	0.0	82.0	0.0	0.5 cucharada	1
Aderezo de ciruela pasas	Aceites	39.0	0.1	1.1	3.9	0.0	35.7	0.0	0.5 cucharada	1
Aderezo de hierbas finas	Aceites	31.0	0.1	0.8	3.2	0.0	73.0	0.0	0.5 cucharada	1
Aderezo de mayonesa	Aceites	51.0	0.1	0.3	5.4	0.0	41.8	0.0	0.5 cucharada	1
Aderezo de miel	Azucares	70.0	2.5	10.7	2.4	0.0	526.7	0.0	4 cucharada	1
Aderezo de miel y mostaza	Aceites	36.0	0.0	1.0	3.6	0.0	48.4	0.0	0.5 cucharada	1
Aderezo de miel y mostaza bajo en calorías	Azucares	64.0	1.3	14.1	1.8	0.0	424.3	0.0	3 cucharada	1
Aderezo francés	Aceites	32.0	0.0	1.3	3.1	0.0	102.7	0.0	0.5 cucharada	1
Aderezo francés bajo en calorías	Azucares	79.0	0.0	13.1	3.4	0.0	472.5	0.0	4 cucharada	1
Aderezo italiano	Aceites	35.0	0.1	0.8	3.6	0.0	59.0	0.0	0.5 cucharada	1
Aderezo italiano bajo en calorías	Aceites	32.0	0.0	1.4	3.0	0.0	236.0	0.0	2 cucharada	1
Aderezo italiano cremoso	Aceites	28.0	0.0	0.8	2.8	0.0	57.5	0.0	0.5 cucharada	1
Aderezo italiano cremoso bajo en calorías	Aceites	40.0	2.0	6.0	2.2	0.0	560.0	0.0	4 cucharada	1
Aderezo jalapeño	Aceites	33.0	0.1	0.7	3.4	0.0	30.4	0.0	0.5 cucharada	1
Aderezo mil islas	Aceites	28.0	0.0	1.1	2.7	0.0	52.5	0.0	0.5 cucharada	1
Aderezo mil islas bajo en calorías	Azucares	96.0	0.4	9.6	6.4	0.0	0.0	0.0	4 cucharada	1
Aderezo ranch	Aceites	44.0	0.0	0.5	4.7	0.0	69.8	0.0	0.5 cucharada	1
Aderezo ranch bajo en calorías	Azucares	64.0	1.3	14.1	2.8	0.0	398.6	0.0	3 cucharada	1
Aderezo roquefort	Aceites	38.0	0.4	0.6	3.9	0.0	82.0	0.0	0.5 cucharada	1
Aderezo ruso	Aceites	37.0	0.1	0.8	3.8	0.0	65.0	0.0	0.5 cucharada	1
Aderezo ruso bajo en calorías	Azucares	65.0	0.3	12.4	1.7	0.0	390.9	0.0	3 cucharada	1
Aderezo tipo blue cheese	Aceites	38.0	0.4	0.6	3.9	0.0	82.0	0.0	0.5 cucharada	1
Aderezo tipo cesar	Aceites	33.0	0.3	0.5	3.3	0.0	92.5	0.0	0.5 cucharada	1
Aderezo tipo cesar bajo en calorías	Azucares	87.0	1.5	2.9	7.3	0.0	812.9	0.0	3 cucharada	1
Aderezo tipo francés	Aceites	32.0	0.0	1.3	3.1	0.0	102.7	0.0	0.5 cucharada	1
Aderezo tipo mil islas	Aceites	28.0	0.0	1.1	2.7	0.0	52.5	0.0	0.5 cucharada	1
Aderezo tipo ranch	Aceites	44.0	0.0	0.5	4.7	0.0	69.8	0.0	0.5 cucharaditas	1
Aderezo vinagreta casera	Aceites	45.0	0.0	0.3	5.0	0.0	0.0	0.0	2 cucharaditas	1
Aderezo vinagreta comercial	Aceites	41.0	0.0	2.7	3.3	0.0	166.7	0.0	4 cucharaditas	1
Aderezos para ensalada bajos en calorías y grasa	Azucares	40.0	0.0	8.0	0.0	0.0	1066.6	0.0	0.3333333333333333 taza	1
Agua	Condimentos	2.0	0.0	0.0	0.0	0.0	7.1	0.0	1 taza	1
Agua de coco	Frutas	65.0	1.1	16.9	0.7	0.0	0.0	529.2	1.5 taza	1
Agua mineral	Condimentos	4.0	0.0	0.0	0.0	0.0	74.6	0.0	1 lata	1
Agua quina	Azucares	42.0	0.0	11.1	0.0	0.0	16.3	0.0	0.3333333333333333 lata	1
Aguacate California	Aceites	54.0	0.7	2.1	5.3	0.0	3.7	0.0	0.3333333333333333 pieza	1
Aguacate de pellejo	Aceites	44.0	0.5	2.0	4.5	0.0	1.4	0.0	1.5 pieza	1
Aguacate florida	Aceites	60.0	0.8	4.8	4.8	0.0	2.6	0.0	0.3333333333333333 pieza	1
Aguacate hass	Aceites	54.0	0.7	2.1	5.3	0.0	3.7	0.0	0.3333333333333333 pieza	1
Aguacate mediano	Aceites	44.0	0.5	2.3	4.1	0.0	1.2	0.0	0.3333333333333333 pieza	1
Aguacate verde	Aceites	46.0	0.5	1.5	4.6	0.0	1.0	0.0	0.5 pieza	1
Aguayón	Carnes	42.0	6.3	0.0	1.9	0.0	18.9	0.0	30 g	1
Aguayón de res	Carnes	42.0	6.3	0.0	1.9	0.0	18.9	0.0	30 g	1
Agujas de res	Carnes	51.0	6.8	0.0	2.6	0.0	20.9	0.0	35 g	1
Ahuahutle seco	Carnes	43.0	7.0	0.2	0.4	0.0	0.0	0.0	11 g	1
Ajo en polvo	Condimentos	5.0	0.3	1.1	0.0	0.0	0.5	0.0	0.5 cucharadita	1
Ajonjolí	Aceites	61.0	2.7	1.0	5.7	0.0	3.9	0.0	4 cucharadita	1
Ajonjolí tostado	Aceites	75.0	2.2	3.4	6.3	0.0	5.1	0.0	5 cucharada	1
Albahaca deshidratada	Condimentos	5.0	0.2	0.9	0.0	0.0	0.0	0.0	5.5 cucharadita	1
Albahaca molida	Condimentos	5.0	0.2	0.9	0.0	0.0	0.0	0.0	1.5 cucharadita	1
Alcachofa mediana cocida	Verduras	25.0	1.4	5.7	0.2	4.1	0.0	137.3	1 pieza	1
Alcaparras	Condimentos	4.0	0.4	0.8	0.1	0.0	509.8	0.0	2 cucharada	1
Alcaravea	Condimentos	4.0	0.2	0.5	0.2	0.0	0.0	0.0	0.5 cucharadita	1
Alce crudo	Carnes	36.0	7.8	0.0	0.3	0.0	22.8	0.0	35 g	0
Alegría natural	Cereales	60.0	2.1	10.8	1.2	1.1	0.0	0.0	4 cucharadita	1
Alegría tostada	Cereales	63.0	2.2	11.7	1.3	1.6	0.0	0.0	4 cucharadita	1
Almendra	Aceites	66.0	2.7	0.5	6.6	0.0	0.5	0.0	10 pieza	1
Almendra acaramelada	Aceites	72.0	2.2	3.4	6.0	0.0	15.9	0.0	6 pieza	1
Almendra ahumada	Aceites	71.0	2.6	2.1	6.4	0.0	73.7	0.0	10 pieza	1
Almendra con chocolate	Azucares	77.0	1.4	6.6	5.6	0.0	1.4	0.0	15 g	1
Almendra deshidratada	Aceites	71.0	2.4	2.4	6.3	0.0	1.3	0.0	10 pieza	1
Almendra fileteada	Aceites	72.0	2.5	2.2	6.5	0.0	0.0	0.0	2 cucharada	1
Almendra picada	Aceites	62.0	2.1	1.8	5.2	0.0	0.0	0.0	4 cucharadita	1
Almendra tostada	Aceites	71.0	2.0	3.0	6.3	0.0	1.3	0.0	10 cucharada	1
Almeja chirla	Carnes	41.0	7.0	0.7	0.4	0.0	18.0	0.0	50 g	1
Almeja cruda mediana	Carnes	43.0	7.4	1.5	0.6	0.0	32.8	0.0	4 pieza	1
Almeja fresca sin concha	Carnes	43.0	7.4	1.5	0.6	0.0	32.8	0.0	4 pieza	1
Almond joy	Aceites	80.0	0.7	9.4	4.3	0.0	23.8	0.0	0.3333333333333333 pieza	1
Almond joy miniatura	Aceites	74.0	0.6	8.8	4.0	0.0	22.0	0.0	0.75 pieza	1
Alón de pollo con piel cocido	Carnes	88.0	8.7	0.0	6.4	0.0	25.6	0.0	0.75 pieza	1
Alón de pollo con piel crudo	Carnes	85.0	7.1	0.0	6.1	0.0	28.1	0.0	0.75 pieza	1
Alón de pollo sin piel	Carnes	37.0	6.4	0.0	1.0	0.0	23.6	0.0	1 pieza	1
Alubia cocida (chica o grande)	Leguminosas	124.0	8.7	22.5	0.3	5.6	101.1	0.0	0.5 taza	1
Alubia cruda (chica o grande)	Leguminosas	117.0	8.1	21.1	0.3	5.3	105.4	0.0	35 g	1
Alubia enlatada guisada	Leguminosas	99.0	6.3	18.3	0.3	4.2	78.7	0.0	0.3333333333333333 taza	1
Alubia germinada	Leguminosas	125.0	18.2	17.9	2.3	0.0	144.4	0.0	2 taza	1
Alverjón o chícharo seco cocido	Leguminosas	116.0	8.2	20.7	0.4	0.0	97.0	0.0	0.5 taza	1
Alverjón o chícharo seco crudo	Leguminosas	119.0	8.6	21.1	0.4	0.0	128.1	0.0	35 g	1
Amaranto cocido	Cereales	70.0	7.0	13.5	0.5	0.0	70.0	0.0	2.5 taza	1
Amaranto tostado	Cereales	63.0	2.2	11.6	1.3	1.6	0.0	0.0	0.25 taza	1
Anchoa con aceite	Carnes	50.0	7.0	0.0	2.3	0.0	880.3	0.0	6 pieza	1
Anchoa fresca	Carnes	39.0	6.1	0.0	1.4	0.0	31.1	0.0	30 g	1
Anchoas crudas	Carnes	47.0	7.3	0.0	1.7	0.0	37.4	0.0	9 pieza	0
Anillos de calamar	Carnes	34.0	5.9	1.2	0.5	0.0	16.3	0.0	0.25 taza	1
Anís	Condimentos	4.0	0.2	0.5	0.2	0.0	0.0	0.0	0.5 cucharadita	1
Anona	Frutas	59.0	1.0	14.7	0.4	2.0	0.0	223.5	130 g	1
Añejo tipo cotija	Carnes	70.0	6.8	0.3	8.0	0.0	0.0	0.0	2 cucharada	1
Apio cocido	Verduras	20.0	0.9	4.5	0.2	1.8	0.0	319.5	0.75 taza	1
Apio crudo	Verduras	22.0	0.9	4.0	0.2	2.5	0.0	350.6	1.5 taza	1
Arándano fresco	Frutas	56.0	0.5	14.9	0.2	5.6	0.0	107.8	125 g	1
Arenque cocido	Carnes	51.0	5.8	0.0	2.9	0.0	28.8	0.0	25 g	0
Arenque fresco crudo	Carnes	55.0	6.3	0.0	3.2	0.0	31.5	0.0	35 g	0
Arenque marinado	Carnes	73.0	8.3	0.0	4.2	0.0	41.4	0.0	0.25 filete	0
Aricóte	Frutas	59.0	1.1	15.0	0.1	1.4	0.0	0.0	300 g	1
Armadillo	Carnes	40.0	7.1	0.0	1.3	0.0	0.0	0.0	35 g	1
Arrachera cruda	Carnes	49.0	7.5	0.0	1.9	0.0	19.3	0.0	35 g	1
Arrachera de avestruz	Carnes	36.0	8.2	0.0	0.4	0.0	32.0	0.0	40 g	0
Arrechera de res	Carnes	56.0	8.4	0.0	2.2	0.0	17.1	0.0	30 g	1
Arroz cocido	Cereales	60.0	1.1	13.3	0.1	0.1	0.0	0.0	0.25 taza	1
Arroz crudo	Cereales	72.0	1.3	15.9	0.1	0.0	0.2	0.0	20 9	1
Arroz inflado con cocoa	Cereales	64.0	0.9	14.7	0.2	0.1	126.2	0.0	0.5 taza	1
Arroz inflado natural	Cereales	65.0	1.1	14.6	0.1	0.5	126.2	0.0	0.5 taza	1
Arroz integral cocido	Cereales	73.0	1.5	15.3	0.5	1.2	0.7	0.0	0.3333333333333333 taza	1
Arroz integral crudo	Cereales	72.0	1.5	15.2	0.5	0.7	0.8	0.0	20 g	1
Arroz precocido cocido	Cereales	64.0	1.5	13.6	0.2	0.5	1.0	0.0	0.3333333333333333 taza	1
Arroz precocido crudo	Cereales	75.0	1.6	16.1	0.2	0.4	0.6	0.0	20 g	1
Arroz pulido crudo	Cereales	72.0	1.3	15.9	0.1	0.0	0.2	0.0	20 g	1
Arroz salvaje cocido	Cereales	55.0	2.1	11.6	0.2	1.0	1.7	0.0	0.3333333333333333 taza	1
Arroz salvaje crudo	Cereales	71.0	2.9	15.0	0.2	1.2	1.4	0.0	20 g	1
Arúgula	Condimentos	3.0	0.3	0.4	0.1	0.0	3.2	0.0	1 taza	1
Aspartame	Condimentos	0.0	0.0	0.0	0.0	0.0	0.0	0.0	1 sobre	1
Ate	Azucares	41.0	0.4	9.8	0.1	0.0	0.0	0.0	13 g	1
Ate de guayaba	Azucares	41.0	0.4	9.8	0.1	0.0	0.0	0.0	13 g	1
Ate de membrillo	Azucares	41.0	0.4	9.8	0.1	0.0	0.0	0.0	13 g	1
Atole en polvo	Cereales	68.0	0.0	16.4	0.0	0.0	0.0	0.0	7 cucharadita	1
Atole en sobre	Cereales	58.0	0.0	14.0	0.0	0.0	0.0	0.0	0.3333333333333333 sobre	1
Atole vitaminado	Cereales	59.0	0.0	14.1	0.0	0.0	0.0	0.0	0.3333333333333333 sobre	1
Atún blanco en aceite	Carnes	46.0	6.6	0.0	2.0	0.0	91.2	0.0	25 g	1
Atún blanco en agua	Carnes	39.0	7.3	0.0	0.9	0.0	116.1	0.0	0.2 taza	1
Atún drenado	Carnes	49.0	7.3	0.0	2.1	0.0	88.5	0.0	25 g	1
Atún en aceite	Carnes	49.0	7.3	0.0	2.1	0.0	70.8	0.0	25 g	1
Atún en agua	Carnes	36.0	7.9	0.0	0.3	0.0	104.1	0.0	0.2 taza	1
Atún fresco	Carnes	43.0	7.0	0.0	1.5	0.0	11.6	0.0	30 g	1
Atún horneado	Carnes	37.0	6.0	0.0	1.3	0.0	10.0	0.0	20 g	1
Atún light	Carnes	36.0	7.9	0.0	0.3	0.0	104.1	0.0	0.2 taza	1
Avellana	Aceites	72.0	2.5	2.3	6.5	0.0	0.0	0.0	9 pieza	1
Avellana picada	Aceites	71.0	2.4	2.3	6.4	0.0	0.0	0.0	5 cucharadita	1
Avellana salada	Aceites	72.0	1.8	1.6	7.1	0.0	15.6	0.0	8 pieza	1
Avellana tostada	Aceites	75.0	1.1	2.0	7.5	0.0	0.4	0.0	8 pieza	1
Avena cocida	Cereales	66.0	5.2	18.8	1.3	4.3	1.5	0.0	0.75 taza	1
Avena con canela y especias	Cereales	56.0	1.3	11.7	0.7	1.0	81.2	0.0	0.3333333333333333 sobre	1
Avena con manzana y canela	Cereales	53.0	1.2	10.9	0.7	0.9	75.9	0.0	0.3333333333333333 sobre	1
Avena con pasitas y especias	Cereales	53.0	1.2	10.9	0.7	0.9	75.9	0.0	0.3333333333333333 sobre	1
Avena cruda	Cereales	76.0	5.4	20.5	2.2	4.8	1.0	0.0	0.3333333333333333 taza	1
Avena en hojuelas	Cereales	65.0	4.6	17.6	1.9	4.1	0.9	0.0	0.3333333333333333 taza	1
Avena instantánea preparada	Cereales	68.0	4.8	18.2	2.0	4.3	0.9	0.0	2 cucharada	1
Avena integral	Cereales	65.0	4.6	17.5	1.9	4.1	0.9	0.0	0.3333333333333333 taza	1
Avena integral con pasitas instantánea preparada	Cereales	77.0	1.7	16.4	0.9	1.3	120.8	0.0	0.5 sobre	1
Azafrán	Condimentos	3.0	0.1	0.7	0.1	0.0	1.0	0.0	1 cucharadita	1
Azúcar blanca	Azucares	33.0	0.0	8.4	0.0	0.0	0.0	0.0	2 cucharadita	1
Azúcar de mesa	Azucares	33.0	0.0	8.4	0.0	0.0	0.0	0.0	2 cucharadita	1
Azúcar glass	Azucares	39.0	0.0	10.0	0.0	0.0	0.1	0.0	4 cucharadita	1
Azúcar granulada	Azucares	33.0	0.0	8.4	0.0	0.0	0.0	0.0	2 cucharadita	1
Azúcar mascabado	Azucares	36.0	0.0	9.1	0.0	0.0	3.0	0.0	2 cucharadita	1
Azúcar morena	Azucares	34.0	0.0	8.8	0.0	0.0	2.5	0.0	3 cucharadita	1
Bacalao enlatado	Carnes	37.0	8.0	0.0	0.3	0.0	76.3	0.0	35 g	1
Bacalao fresco	Carnes	37.0	8.0	0.0	0.3	0.0	24.4	0.0	45 g	1
Bacalao noruego	Carnes	38.0	8.2	0.0	0.3	0.0	913.5	0.0	13 g	1
Bacalao seco	Carnes	38.0	8.2	0.0	0.3	0.0	913.5	0.0	13 g	1
Bagel	Cereales	65.0	2.5	12.6	0.4	0.5	126.3	0.0	0.3333333333333333 pieza	0
Bagel de ajo	Cereales	67.0	2.5	12.9	0.4	0.6	129.4	0.0	0.3333333333333333 pieza	0
Bagel de ajonjolí	Cereales	74.0	2.7	12.9	0.7	0.6	145.6	0.0	0.3333333333333333 pieza	0
Bagel de avena	Cereales	60.0	2.5	12.6	0.3	0.9	120.0	0.0	0.3333333333333333 pieza	0
Bagel de canela y pasas	Cereales	65.0	2.3	13.1	0.4	0.5	76.3	0.0	0.3333333333333333 pieza	0
Bagel de cebolla	Cereales	74.0	2.7	12.9	0.7	0.6	145.6	0.0	0.3333333333333333 pieza	0
Bagel integral	Cereales	60.0	2.5	12.6	0.3	0.9	120.0	0.0	0.3333333333333333 pieza	0
Bagre fileteado	Carnes	38.0	7.0	0.0	1.1	0.0	24.0	0.0	40 g	1
Bagre, chihuil	Carnes	38.0	7.0	0.0	1.1	0.0	24.0	0.0	80 g	1
Baguette	Cereales	72.0	2.2	13.4	1.0	0.6	145.8	0.0	0.14285714285714285 pieza	1
Barbacoa	Carnes	54.0	7.6	0.0	2.4	0.0	30.0	0.0	50 g	1
Barbacoa con hueso	Carnes	51.0	7.2	0.0	2.3	0.0	28.3	0.0	65 g .	1
Barquillo	Cereales	64.0	1.1	12.0	1.1	0.4	22.5	0.0	1.5 pieza	1
Barra de granóla	Cereales	101.0	2.2	13.7	4.2	1.1	62.3	0.0	0.75 pieza	1
Barrita de avena	Cereales	56.0	0.8	11.1	1.1	0.5	52.5	0.0	0.5 pieza	1
Barrita de granóla con cacahuate	Cereales	87.0	1.4	11.0	5.0	0.7	31.7	0.0	0.3333333333333333 pieza	1
Barrita de granóla con choco chlp	Cereales	119.0	2.1	19.6	4.7	1.4	77.0	0.0	1 pieza	1
Barrita de granóla con pasitas y nuez	Cereales	97.0	1.7	13.5	4.4	1.2	54.0	0.0	0.75 pieza	1
Barrita de granóla cubierta con chocolate	Cereales	98.0	1.1	13.4	5.3	0.8	42.0	0.0	0.75 pieza	1
Barrita de granóla sabor manzana	Cereales	55.0	0.8	11.3	1.0	0.7	39.5	0.0	0.5 pieza	1
Barritas de fresa	Cereales	97.0	1.0	14.4	3.9	0.3	36.6	0.0	0.3333333333333333 pieza	1
Base para pay	Cereales	110.0	2.4	9.0	8.0	0.0	150.0	0.0	20 g	1
Bebida láctea fermentada	Azucares	50.0	0.9	11.7	0.2	0.0	0.0	0.0	1 pieza	1
Bebida para deportistas	Azucares	40.0	0.0	9.8	0.0	0.0	59.4	0.0	0.25 bote sport	1
Bebida para deportistas en polvo	Azucares	36.0	0.0	9.5	0.0	0.0	60.3	0.0	2 cucharadita	1
Berenjena picada cocida	Verduras	26.0	0.6	6.5	0.2	1.9	0.0	184.1	0.75 taza	1
Berro crudo	Verduras	17.0	0.6	0.4	0.0	0.1	0.0	50.2	1 taza	1
Betabel crudo	Verduras	19.0	0.8	4.3	0.1	0.3	0.0	131.0	0.25 pieza	1
Betabel crudo rallado	Verduras	18.0	0.8	4.1	0.1	0.3	0.0	125.6	0.25 taza	1
Bigotes de cajeta	Cereales	104.0	2.4	9.1	5.1	0.0	132.8	0.0	0.3333333333333333 pieza	1
Bigotes de chocolate	Cereales	103.0	2.8	9.0	5.0	0.0	131.5	0.0	0.3333333333333333 pieza	1
Bigotes miniatura de cajeta	Cereales	119.0	2.0	10.5	5.8	0.0	152.4	0.0	2 pieza	1
Birote	Cereales	67.0	2.1	14.1	0.0	0.1	123.3	0.0	0.3333333333333333 pieza	1
Bisquet	Cereales	118.0	1.5	15.8	5.4	0.5	341.7	0.0	0.5 pieza	1
Bistec	Carnes	36.0	7.2	0.0	0.8	0.0	18.0	0.0	30 g	1
Bistec de bola	Carnes	71.0	7.2	0.0	4.5	0.0	12.5	0.0	25 9	1
Bistec de res	Carnes	36.0	7.2	0.0	0.8	0.0	18.0	0.0	30 g	1
Bistec de ternera	Carnes	55.0	6.9	0.0	2.8	0.0	31.5	0.0	35 g	1
Bledos crudos	Verduras	27.0	2.4	3.8	0.3	0.9	0.0	577.4	150 g	1
Blueberries	Frutas	61.0	0.7	15.4	0.4	2.6	0.0	94.9	0.75 taza	1
Bola de res	Carnes	71.0	7.2	0.0	4.5	0.0	12.5	0.0	25 g	1
Bola de ternera	Carnes	41.0	7.3	0.0	1.1	0.0	22.1	0.0	35 g	1
Bolillo	Cereales	61.0	1.9	12.8	0.0	0.1	112.7	0.0	0.3333333333333333 pieza	1
Bolillo integral	Cereales	64.0	2.1	13.4	0.1	0.2	68.5	0.0	0.3333333333333333 pieza	1
Bolillo integral sin migajón	Cereales	64.0	2.1	13.4	0.1	0.2	68.5	0.0	0.3333333333333333 pieza	1
Bolillo sin migajón	Cereales	61.0	1.9	12.8	0.0	0.1	112.7	0.0	0.3333333333333333 pieza	1
Bollo de hamburguesa	Cereales	65.0	2.4	12.5	1.1	0.6	108.2	0.0	0.3333333333333333 pieza	1
Bollos para hamburguesa	Cereales	65.0	2.4	12.5	1.1	0.6	108.2	0.0	0.3333333333333333 pieza	1
Bonito	Carnes	51.0	7.3	0.0	2.2	0.0	12.2	0.0	60 g	1
Bonito en aceite	Carnes	55.0	7.3	0.0	2.9	0.0	0.0	0.0	25 g	1
Bonito fileteado	Carnes	50.0	7.2	0.0	2.2	0.0	12.0	0.0	30 g	1
Boost *	Azucares	33.0	0.3	7.9	0.0	0.0	0.6	0.0	0.3333333333333333 lata	1
Boquerón crudo	Carnes	41.0	6.4	0.0	1.7	0.0	0.0	0.0	45 g	1
Boquerones (fritos)	Carnes	70.0	7.7	0.1	4.1	0.0	0.0	0.0	40 g	1
Boquilla, ronco crudo	Carnes	31.0	7.5	0.0	0.1	0.0	0.0	0.0	75 g	1
Botana con proteína de amaranto	Cereales	101.0	1.5	10.1	5.8	0.5	100.4	0.0	0.5 bolsa	1
Breba	Frutas	63.0	1.0	16.1	0.2	3.3	0.0	372.5	5 pieza	1
Brócoli cocido	Verduras	26.0	2.7	4.6	0.4	2.7	0.0	268.9	0.5 taza	1
Brócoli crudo	Verduras	19.0	2.1	3.7	0.3	2.1	0.0	231.7	1 taza	1
Brownie casero	Cereales	112.0	1.4	12.0	7.0	0.0	82.0	0.0	1 pieza	0
Brownie comercial	Cereales	114.0	1.5	17.9	4.6	0.6	87.5	0.0	0.5 pieza	0
Burbujas de maíz azucaradas	Cereales	59.0	0.7	14.0	0.1	0.2	59.5	0.0	0.5 taza	1
Burn *	Azucares	36.0	0.2	9.0	0.0	0.0	28.0	0.0	0.2 lata	1
Cabeza de carnero cocida	Carnes	55.0	7.0	0.0	2.8	0.0	37.1	0.0	495 g	0
Cabeza de cerdo	Carnes	55.0	7.0	0.0	2.8	0.0	37.1	0.0	495 g	1
Cabeza de pescado	Carnes	40.0	8.2	0.0	0.5	0.0	25.4	0.0	400 g	1
Cabrilla	Carnes	31.0	7.7	0.0	0.0	0.0	0.0	0.0	75 g	1
Cabrito	Carnes	36.0	6.8	0.0	0.8	0.0	21.5	0.0	25 g	1
Cacahuate	Aceites	73.0	2.9	2.7	6.2	0.0	100.6	0.0	14 pieza	1
Cacahuate acaramelado	Aceites	75.0	3.0	2.5	6.5	0.0	57.8	0.0	5 cucharadita	1
Cacahuate cocido	Aceites	64.0	2.7	4.3	4.4	0.0	150.0	0.0	20 g	1
Cacahuate con cascara	Aceites	70.0	2.8	0.2	6.0	0.0	0.6	0.0	12 g	1
Cacahuate con pepitas	Aceites	75.0	2.8	2.4	6.0	0.0	144.0	0.0	12 g	1
Cacahuate con piel	Aceites	72.0	3.4	2.9	6.3	0.0	50.6	0.0	15 pieza	1
Cacahuate confitado (chocolate)	Azucares	83.0	2.1	8.0	5.4	0.0	6.6	0.0	4 pieza	1
Cacahuate enchilado	Aceites	67.0	2.9	2.1	5.9	0.0	79.4	0.0	13 pieza	1
Cacahuate japonés	Aceites	68.0	2.7	6.3	3.6	0.0	270.0	0.0	15 pieza	1
Cacahuate picado	Aceites	74.0	3.0	2.7	6.2	0.0	101.9	0.0	5 cucharadita	1
Cacahuate salado	Aceites	71.0	3.2	2.4	0.0	0.0	34.0	0.0	13 pieza	1
Cacahuate tostado	Aceites	69.0	2.8	2.5	5.9	0.0	96.1	0.0	13 pieza	1
Cacahuates confitados	Aceites	72.0	1.4	7.1	4.3	0.0	36.7	0.0	0.25 bolsa	1
Cacahuates cubiertos con salsa y limón	Aceites	72.0	2.6	5.3	4.6	0.0	124.7	0.0	2 cucharada	1
Cacao con cascara	Aceites	70.0	1.9	3.3	5.9	0.0	0.5	0.0	14 g	1
Cacao pataste	Aceites	72.0	2.1	2.6	6.5	0.0	0.5	0.0	12 g	1
Cacao sin cascara	Aceites	67.0	1.9	2.5	5.9	0.0	0.5	0.0	12 g	1
Café americano	Condimentos	5.0	0.3	0.9	0.0	0.0	5.4	0.0	1 taza	1
Café capuchino helado	Azucares	43.0	0.7	8.0	0.8	0.0	40.0	0.0	0.3333333333333333 taza	1
Café capuchino instantáneo	Azucares	32.0	0.2	6.9	0.4	0.0	14.4	0.0	2 cucharadita	1
Café con azúcar	Condimentos	5.0	0.3	8.2	0.0	0.0	5.4	0.0	1 taza	1
Café de grano	Condimentos	4.0	11.2	0.0	0.0	0.0	0.0	0.0	7 cucharada	1
Café descafeinado	Condimentos	5.0	0.3	0.9	0.0	0.0	5.4	0.0	1 taza	1
Café descafeinado preparado	Condimentos	5.0	0.3	0.9	0.0	0.0	5.4	0.0	1 taza	1
Café en polvo	Condimentos	4.0	0.1	0.9	0.0	0.0	0.8	0.0	0.5 cucharada	1
Café en polvo descafeinado	Condimentos	4.0	0.2	0.7	0.0	0.0	1.0	0.0	1 cucharadita	1
Café en polvo sabor moka	Condimentos	8.0	0.4	1.4	0.0	0.0	2.0	0.0	2 cucharadita	1
Café express	Condimentos	10.0	0.5	1.7	0.0	0.0	9.9	0.0	5.5 taza	1
Café instantáneo	Condimentos	4.0	0.2	0.7	0.0	0.0	1.0	0.0	1 cucharadita	1
Café instantáneo preparado	Condimentos	5.0	0.3	0.9	0.0	0.0	6.7	0.0	1 taza	1
Café instantáneo, descafeinado	Condimentos	4.0	0.2	0.8	0.0	0.0	0.0	0.0	1 cucharadita	1
Café molido	Condimentos	1.0	0.8	0.0	0.0	0.0	0.0	0.0	1 cucharada	1
Café ó té sin azúcar	Condimentos	3.0	0.0	0.5	0.0	0.0	2.7	0.0	1 taza	1
Café sin azúcar	Condimentos	5.0	0.3	0.9	0.0	0.0	5.4	0.0	1 taza	1
Caimito blanco o morado	Frutas	68.0	1.7	12.2	2.2	3.8	0.0	0.0	1 pieza	1
Cajeta	Azucares	36.0	0.5	6.4	1.0	0.0	7.7	0.0	1.5 cucharadita	1
Calabacita alargada cruda	Verduras	21.0	1.6	3.4	0.1	1.4	0.0	183.9	1 pieza	1
Calabacita redonda cruda	Verduras	18.0	1.4	2.9	0.1	1.2	0.0	159.6	1 pieza	1
Calabaza de Castilla cocida	Verduras	22.0	0.8	5.4	0.1	1.2	0.0	253.0	0.5 taza	1
Calabaza melón	Frutas	58.0	2.8	11.2	0.9	1.3	0.0	0.0	130 g	1
Calahua	Aceites	35.0	0.5	1.6	3.3	0.0	9.4	0.0	1 cucharada	1
Calamar americano	Carnes	41.0	7.0	1.4	0.6	0.0	19.6	0.0	45 g	1
Calamar crudo	Carnes	41.0	7.0	1.4	0.6	0.0	19.6	0.0	45 g	1
Calamar fresco entero	Carnes	41.0	7.0	1.4	0.6	0.0	19.6	0.0	45 g	1
Calamar fresco limpio	Carnes	41.0	7.0	1.4	0.6	0.0	19.6	0.0	45 g	1
Calamar frito	Carnes	61.0	6.3	2.7	2.6	0.0	107.1	0.0	35 g	1
Caldo	Condimentos	9.0	1.4	0.1	0.3	0.0	391.0	0.0	0.5 taza	1
Caldo de carne	Condimentos	9.0	1.4	0.1	0.3	0.0	391.0	0.0	0.5 taza	1
Caldo de carne concentrado	Condimentos	8.0	1.5	0.5	0.0	0.0	450.0	0.0	0.25 taza	1
Caldo de pescado	Condimentos	9.0	1.4	0.1	0.3	0.0	391.0	0.0	0.5 taza	1
Caldo de pollo	Condimentos	9.0	1.3	0.4	0.4	0.0	381.6	0.0	0.5 taza	1
Caldo de pollo concentrado	Condimentos	12.0	0.8	0.8	0.8	0.0	308.0	0.0	0.2 taza	1
Caldo de pollo enlatado	Condimentos	12.0	0.8	0.8	0.8	0.0	308.0	0.0	0.2 taza	1
Caldo de res	Condimentos	9.0	1.4	0.1	0.3	0.0	391.0	0.0	0.5 taza	1
Caldo de res enlatado	Condimentos	10.0	2.0	0.7	0.0	0.0	594.0	0.0	0.3333333333333333 taza	1
Camarón 16-2nd	Carnes	42.0	8.1	0.4	0.7	0.0	59.3	0.0	2 pieza	1
Camarón cocido	Carnes	34.0	7.1	0.0	0.4	0.0	76.2	0.0	5 pieza	1
Camarón crudo mediano	Carnes	38.0	7.3	0.3	0.6	0.0	53.4	0.0	6 pieza	1
Camarón de surimi	Carnes	40.0	5.0	3.7	0.6	0.0	282.0	0.0	40 g	0
Camarón enlatado	Carnes	32.0	6.5	0.0	0.4	0.0	248.6	0.0	0.25 taza	1
Camarón gigante	Carnes	42.0	8.1	0.4	0.7	0.0	59.3	0.0	2 pieza	1
Camarón pacotilla	Carnes	38.0	7.3	0.3	0.6	0.0	53.3	0.0	6 pieza	1
Camarón seco	Carnes	33.0	7.5	0.5	0.2	0.0	220.5	0.0	10 g	1
Camarón seco salado	Carnes	33.0	7.5	0.5	0.2	0.0	220.5	0.0	10 g	1
Camarón U15	Carnes	42.0	8.1	0.4	0.7	0.0	59.3	0.0	2 pieza	1
Camote al horno	Cereales	70.0	1.2	16.4	0.1	1.3	5.6	0.0	0.3333333333333333 taza	1
Camote amarillo	Cereales	57.0	0.6	12.9	0.4	1.3	4.6	0.0	0.14285714285714285 pieza	1
Camote cocido	Cereales	55.0	0.9	12.7	0.2	1.0	6.7	0.0	0.25 taza	1
Camote con miel	Cereales	45.0	0.3	10.9	0.0	0.9	5.7	0.0	0.25 taza	1
Camote con naranja	Cereales	77.0	0.2	19.0	0.0	0.0	5.2	0.0	0.25 taza	1
Camote en dulce	Cereales	71.0	0.4	14.5	1.7	1.2	36.6	0.0	0.2 taza	1
Camote largo	Cereales	73.0	0.8	16.6	0.5	1.7	5.9	0.0	0.25 pieza	1
Camote poblano (dulce)	Cereales	62.0	0.4	12.6	1.5	1.1	31.7	0.0	0.75 pieza	1
Canela	Condimentos	5.0	0.1	1.6	0.1	0.0	1.0	0.0	1 cucharadita	1
Canela en polvo	Condimentos	5.0	0.1	1.6	0.1	0.0	1.0	0.0	1 cucharadita	1
Canela en raja	Condimentos	5.0	0.1	1.6	0.1	0.0	1.0	0.0	0.2 raja	1
Canela molida	Condimentos	5.0	0.1	1.6	0.1	0.0	1.0	0.0	1 cucharadita	1
Canelones	Cereales	68.0	1.9	14.6	0.1	0.4	0.4	0.0	4 pieza	1
Cangrejo	Carnes	37.0	7.6	0.0	0.4	0.0	123.0	0.0	2 pieza	1
Cangrejo cocido	Carnes	40.0	8.0	0.0	0.7	0.0	109.7	0.0	0.3333333333333333 taza	1
Cangrejo de Alaska	Carnes	36.0	7.9	0.0	0.3	0.0	359.7	0.0	0.25 pierna (leg)	0
Cangrejo de Alaska cocido	Carnes	32.0	6.5	0.0	0.5	0.0	359.1	0.0	0.25 pierna (leg)	0
Cangrejo enlatado	Carnes	33.0	6.9	0.0	0.4	0.0	112.4	0.0	0.25 taza	1
Caña de azúcar	Frutas	64.0	0.5	17.2	0.5	1.9	0.0	0.0	250 g	1
Capulín	Frutas	63.0	1.4	16.1	0.0	0.6	0.0	0.0	3 taza	1
Carambolo	Frutas	53.0	1.8	11.5	0.6	4.8	0.0	279.5	1.5 pieza	1
Caramelo	Azucares	47.0	0.0	11.8	0.0	0.0	4.6	0.0	2 pieza pequeña	1
Caramelo de mantequilla	Azucares	45.0	0.0	10.8	0.4	0.0	4.8	0.0	2 pieza	1
Caramelo macizo	Azucares	47.0	0.0	11.8	0.0	0.0	4.6	0.0	2 pieza pequeña	1
Caramelo salvavidas	Azucares	40.0	0.0	10.0	0.0	0.0	0.0	0.0	4 pieza	1
Cardamomo	Condimentos	6.0	0.2	1.4	0.1	0.0	0.0	0.0	1 cucharadita	1
Cardamomo molido	Condimentos	6.0	0.2	1.4	0.1	0.0	0.0	0.0	1 cucharadita	1
Carne de Alce cocida	Carnes	34.0	7.3	0.0	0.2	0.0	17.3	0.0	25 g	0
Carne de avestruz	Carnes	31.0	7.1	0.0	0.4	0.0	28.0	0.0	35 g	0
Carne de cerdo	Carnes	56.0	7.9	0.0	2.5	0.0	32.8	0.0	40 g	1
Carne de cerdo molida	Carnes	56.0	7.9	0.0	2.5	0.0	32.8	0.0	40 g	1
Carne de faisán cruda sin piel	Carnes	40.0	0.0	0.0	1.1	0.0	11.1	0.0	35 g	1
Carne de ganso de crianza	Carnes	52.0	7.4	0.0	2.3	0.0	28.2	0.0	40 g	1
Carne de jaiba	Carnes	39.0	7.0	0.4	1.0	0.0	40.0	0.0	40 g	1
Carne de pato de crianza	Carnes	51.0	7.1	0.0	2.3	0.0	28.9	0.0	60 g	1
Carne de res	Carnes	54.0	6.2	0.0	3.0	0.0	19.5	0.0	30 g	1
Carne de res molida	Carnes	54.0	6.2	0.0	3.0	0.0	19.5	0.0	30 g	1
Carne de res seca	Carnes	43.0	7.1	0.1	1.6	0.0	381.8	0.0	11 g	1
Carne de res semigrasosa	Carnes	98.0	7.0	0.0	7.5	0.0	22.4	0.0	40 g	1
Carne de suadero	Carnes	76.0	7.8	0.0	4.8	0.0	20.3	0.0	29 g	1
Carne de ternera	Carnes	55.0	6.9	0.0	2.8	0.0	31.5	0.0	35 g	1
Carne de venado cruda	Carnes	42.0	5.9	0.0	1.9	0.0	20.3	0.0	30 g	0
Carne deshebrada	Carnes	75.0	7.4	0.0	4.8	0.0	14.7	0.0	30 g	1
Carne molida	Carnes	54.0	6.2	0.0	3.0	0.0	19.5	0.0	30 g	1
Carne molida de cerdo	Carnes	56.0	7.9	0.0	2.5	0.0	32.8	0.0	40 g	1
Carne molida de pavo	Carnes	36.0	7.4	0.0	0.5	0.0	473.0	0.0	33 g	1
Carne molida de pollo	Carnes	36.0	7.4	0.0	0.5	0.0	21.8	0.0	32 g	1
Carne molida de res	Carnes	54.0	6.2	0.0	3.0	0.0	19.5	0.0	30 g	1
Carne molida especial	Carnes	54.0	6.2	0.0	3.0	0.0	19.5	0.0	30 g	1
Carne molida extra magra cocida	Carnes	75.0	7.4	0.0	4.8	0.0	14.7	0.0	30 g	1
Carne molida extra magra salteada	Carnes	77.0	7.5	0.0	4.9	0.0	21.0	0.0	30 g	1
Carne molida popular de res	Carnes	97.0	5.2	0.0	8.3	0.0	19.4	0.0	40 g	1
Carne molida regular	Carnes	107.0	7.2	0.0	8.5	0.0	26.0	0.0	40 g	1
Carne molida regular cocida	Carnes	100.0	8.1	0.0	7.3	0.0	21.0	0.0	35 g	1
Carne obscura de pollo con piel	Carnes	95.0	6.7	0.0	7.3	0.0	29.2	0.0	40 g	1
Carne obscura de pollo cruda	Carnes	44.0	7.0	0.0	1.5	0.0	29.8	0.0	35 g	1
Carne promedio	Carnes	51.0	5.9	0.0	2.9	0.0	18.5	0.0	30 g	1
Carnero	Carnes	54.0	7.6	0.0	2.4	0.0	30.0	0.0	50 g	0
Carnero con hueso	Carnes	51.0	7.2	0.0	2.3	0.0	28.3	0.0	65 g	0
Carpa	Carnes	51.0	7.2	0.0	2.3	0.0	20.0	0.0	75 g	0
Carpa cocida	Carnes	49.0	6.8	0.0	2.2	0.0	19.1	0.0	30 g	0
Carpa horneada	Carnes	49.0	6.8	0.0	2.2	0.0	19.1	0.0	30 g	0
Cascara de limón	Condimentos	5.0	0.2	1.7	0.0	0.0	0.0	0.0	5 cucharadita	1
Cascara de naranja	Condimentos	4.0	0.1	1.0	0.0	0.0	0.0	0.0	2 cucharadita	1
Cascara de naranja cristalizada	Azucares	32.0	0.0	8.2	0.0	0.0	0.0	0.0	10 g	1
Cáscara de papa cruda	Cereales	73.0	3.2	15.6	0.1	3.1	12.5	0.0	2.5 taza	1
Castaña	Aceites	62.0	1.1	13.6	0.3	0.0	0.6	0.0	5.5 pieza	1
Castaña asada	Aceites	73.0	1.4	15.9	0.3	0.0	1.1	0.0	30 g	1
Castaña con cascara	Aceites	67.0	1.2	14.8	0.3	0.0	0.7	0.0	2 pieza	1
Caviar	Carnes	67.0	6.6	1.1	4.8	0.0	399.8	0.0	5 cucharadita	0
Caviar negro	Carnes	67.0	6.6	1.1	4.8	0.0	399.8	0.0	5 cucharadita	0
Caviar rojo	Carnes	67.0	6.6	1.1	4.8	0.0	399.8	0.0	5 cucharadita	0
Cazón	Carnes	42.0	6.8	0.0	1.4	0.0	25.5	0.0	60 g	0
Cazón fileteado	Carnes	43.0	6.9	0.0	1.5	0.0	26.0	0.0	33 g	0
Cebada	Cereales	69.0	2.2	15.3	0.5	2.1	1.3	0.0	20 g	1
Cebada perla cocida	Cereales	64.0	1.2	14.8	0.2	2.0	1.7	0.0	0.3333333333333333 taza	1
Cebolla blanca rebanada	Verduras	23.0	0.6	5.4	0.1	1.0	0.0	84.0	0.5 taza	1
Cebolla cocida	Verduras	23.0	0.7	5.3	0.1	0.7	0.0	87.0	0.25 taza	1
Cebolla deshidratada	Condimentos	4.0	0.0	0.8	0.0	0.0	4.0	0.0	1 cucharadita	1
Cebolla en polvo	Condimentos	4.0	0.1	0.8	0.0	0.0	0.5	0.0	0.5 cucharadita	1
Cebolla morada rebanada	Verduras	20.0	0.5	4.4	0.1	0.7	0.0	90.3	0.5 taza	1
Cebollín	Condimentos	5.0	0.5	0.5	0.0	0.0	0.0	0.0	15 cucharadita	1
Cebollín deshidratado	Condimentos	0.0	0.0	0.0	0.0	0.0	0.0	0.0	30 cucharadita	1
Cebollín fresco	Condimentos	5.0	0.5	0.5	0.0	0.0	0.0	0.0	15 cucharadita	1
Cebollín liofilizado	Condimentos	5.0	0.5	1.3	0.0	0.0	2.5	0.0	10 cucharada	1
Cebollita de cambray sin raíz	Verduras	23.0	1.3	5.3	0.1	1.9	0.0	198.7	3 pieza	1
Cebollitas en salmuera	Verduras	24.0	0.9	6.7	0.2	1.6	0.0	0.0	0.5 taza	1
Cecina	Carnes	40.0	6.0	0.2	1.6	0.0	275.0	0.0	25 g	1
Cecina de cerdo	Carnes	48.0	7.2	0.2	2.0	0.0	330.0	0.0	30 g	1
Cecina de res	Carnes	98.0	7.3	0.0	7.4	0.0	602.4	0.0	50 g	1
Cecina enchilada	Carnes	40.0	6.0	0.2	1.6	0.0	275.0	0.0	25 g	1
Centeno	Cereales	72.0	2.6	15.9	0.4	0.4	0.0	0.0	5 cucharadita	1
Cerdo en canal	Carnes	111.0	3.8	0.0	10.6	0.0	12.3	0.0	40 g	1
Cereal con almendras y pasas	Cereales	70.0	1.5	16.5	0.7	1.6	100.0	0.0	0.3333333333333333 taza	1
Cereal de arroz	Cereales	67.0	1.4	14.1	0.5	1.1	2.0	0.0	0.5 taza	1
Cereal de arroz inflado con chocolate	Cereales	62.0	1.1	13.8	0.6	1.2	1.9	0.0	0.5 taza	1
Cereal de avena con maple	Cereales	65.0	4.6	17.6	1.9	4.1	0.9	0.0	0.3333333333333333 taza	1
Cereal de avena integral seco	Cereales	71.0	2.9	13.8	1.0	2.2	68.3	0.0	0.3333333333333333 taza	1
Cereal de salvado de trigo	Cereales	54.0	2.6	15.3	0.7	6.7	189.3	0.0	0.3333333333333333 taza	1
Cereal de trigo con canela	Cereales	58.0	0.4	10.7	1.6	0.4	93.3	0.0	0.3333333333333333 taza	1
Cereal de trigo sabor frutas	Cereales	60.0	0.5	13.0	0.8	0.0	100.0	0.0	0.5 taza	1
Cereal integral con pasitas	Cereales	66.0	2.0	15.7	0.5	2.7	130.0	0.0	0.3333333333333333 taza	1
Cereal multigrano	Cereales	67.0	2.3	14.7	0.5	2.4	0.5	0.0	0.25 taza	1
Cereal sin azúcar	Cereales	51.0	1.2	12.0	0.1	0.6	152.0	0.0	0.5 taza	1
Cereza	Frutas	56.0	0.9	14.7	0.2	2.1	0.0	197.6	20 pieza	1
Chabacano	Frutas	61.0	1.8	14.0	0.5	2.5	0.0	373.2	4 pieza	1
Chagua	Frutas	114.0	15.8	14.0	1.3	4.7	0.0	0.0	150 g	1
Chambarete de res	Carnes	42.0	6.8	0.0	1.6	0.0	20.0	0.0	35 g	1
Champiñón cocido entero	Verduras	20.0	2.8	3.2	0.3	1.4	0.0	308.9	0.5 taza	1
Champiñón cocido rebanado	Verduras	55.0	7.5	8.5	0.7	3.8	0.0	831.6	1.5 taza	1
Champiñón crudo entero	Verduras	20.0	2.9	3.1	0.3	0.9	0.0	296.1	1 taza	1
Champiñón crudo rebanado	Verduras	23.0	3.2	3.4	0.4	1.1	0.0	333.9	1.5 taza	1
Charales frescos	Carnes	43.0	6.8	0.3	1.6	0.0	0.0	0.0	30 g	0
Charales secos	Carnes	38.0	8.2	0.3	0.5	0.0	0.0	0.0	15 g	0
Charritos de amaranto	Cereales	101.0	1.9	10.1	5.8	0.5	100.4	0.0	0.5 bolsa	1
Chayote cocido picado	Verduras	19.0	0.5	4.1	0.4	2.2	0.0	138.4	0.5 taza	1
Chayote crudo	Verduras	19.0	0.8	4.5	0.1	1.7	0.0	125.6	0.5 pieza	1
Cheez whiz	Carnes	91.0	4.0	3.0	6.9	0.0	540.5	0.0	2 cucharada	1
Chema	Carnes	32.0	7.3	0.0	0.3	0.0	0.0	0.0	70 g	1
Chepil crudo	Verduras	26.0	2.8	3.0	0.2	0.9	0.0	0.0	70 g	1
Chía	Aceites	69.0	3.5	1.9	5.9	0.0	12.3	0.0	7 cucharada	1
Chícharo cocido sin vaina	Verduras	27.0	1.7	4.9	0.1	1.8	0.0	86.7	0.2 taza	1
Chícharo crudo con vaina	Verduras	22.0	1.5	4.0	0.1	1.4	0.0	67.2	0.5 taza	1
Chícharo en vaina cocido	Verduras	21.0	1.7	3.4	0.1	1.5	0.0	128.0	0.333333333333333 taza	1
Chícharo germinado cocido	Leguminosas	100.0	7.2	17.5	0.5	0.0	24.6	0.0	0.5 taza	1
Chicharrón	Carnes	72.0	6.9	0.0	4.7	0.0	0.0	0.0	12 g	1
Chicharrón de cerdo	Carnes	72.0	6.9	0.0	4.7	0.0	0.0	0.0	12 g	1
Chicharrón de harina enchilado	Cereales	92.0	2.5	10.8	4.8	0.8	0.0	0.0	20 g	1
Chicharrón de puerco	Carnes	72.0	6.9	0.0	4.7	0.0	0.0	0.0	12 g	1
Chicle	Azucares	37.0	0.0	9.9	0.0	0.0	0.2	0.0	5 pieza	1
Chicle bajo en azúcar	Azucares	32.0	0.0	11.4	0.0	0.0	0.8	0.0	6 pieza	1
Chicle sin azúcar	Condimentos	10.0	0.0	2.0	0.0	0.0	0.0	0.0	1 pieza	1
Chicloso	Azucares	46.0	0.3	8.7	1.1	0.0	15.5	0.0	1 pieza	1
Chicoria cruda	Verduras	24.0	1.4	4.1	0.2	1.1	0.0	378.1	140 g	1
Chicozapote	Frutas	62.0	0.3	14.9	0.8	4.0	0.0	144.3	0.5 pieza	1
Chilacas crudas	Verduras	24.0	1.1	5.5	0.2	0.7	0.0	257.0	3 pieza	1
Chilacayote crudo	Verduras	19.0	1.6	3.6	0.3	0.4	0.0	0.0	150 9	1
Chile cascabel	Condimentos	8.0	0.3	1.6	0.2	0.0	0.0	0.0	3 9	1
Chile chilaca	Verduras	20.0	0.8	3.7	0.2	0.5	0.0	171.4	2 pieza	1
Chile chipotle seco	Verduras	25.0	1.0	4.2	0.5	0.5	0.0	0.0	1.75 pieza	1
Chile costeño	Verduras	17.0	0.9	3.9	0.1	1.1	0.0	182.8	4 pieza	1
Chile cristalino	Verduras	20.0	0.9	3.9	0.1	1.1	0.0	182.8	4 pieza	1
Chile cuaresmeño	Verduras	16.0	0.8	3.7	0.2	0.5	0.0	171.4	2 pieza	1
Chile de árbol seco	Verduras	21.0	0.9	4.3	0.4	2.1	0.0	0.0	4 pieza	1
Chile en polvo	Condimentos	4.0	0.2	0.8	0.1	0.0	0.0	0.0	3 pieza	1
Chile habanero	Verduras	25.0	1.5	3.6	0.5	1.1	0.0	228.5	5 pieza	1
Chile jalapeño	Verduras	23.0	1.1	4.6	0.5	2.2	0.0	168.3	6 pieza	1
Chile piquín	Condimentos	4.0	0.2	0.8	0.1	0.0	0.0	0.0	3 pieza	1
Chile piquín molido	Condimentos	5.0	0.2	0.8	0.3	0.0	15.0	0.0	0.5 cucharadita	1
Chile poblano	Verduras	20.0	1.1	4.4	0.3	0.2	0.0	145.1	0.666666666666667 pieza	1
Chiles secos	Verduras	23.0	0.8	4.3	0.7	0.0	0.0	0.0	10 g	1
Chilorio	Aceites	64.0	5.0	0.7	4.7	0.0	203.1	0.0	30 g	1
Chilorio de pavo	Aceites	64.0	5.0	0.7	4.7	0.0	203.1	0.0	30 g	1
Chipirón (calamar) crudo	Carnes	41.0	7.0	1.4	0.6	0.0	19.6	0.0	45 g	1
Chirimoya	Frutas	53.0	0.7	13.4	0.2	1.2	0.0	0.0	0.3333333333333333 pieza	1
Chispas chocolate hershey	Azucares	89.0	0.8	10.7	4.8	0.0	2.2	0.0	5 cucharadita	1
Chispas de chocolate	Azucares	94.0	1.3	10.4	5.2	0.0	13.8	0.0	5 cucharadita	1
Chistorra	Aceites	73.0	1.7	0.7	7.0	0.0	156.8	0.0	15 g	1
Chocolate amargo	Azucares	70.0	0.7	8.0	4.4	0.0	0.5	0.0	0.3333333333333333 pieza	1
Chocolate blanco	Azucares	81.0	0.9	8.9	4.8	0.0	13.5	0.0	15 g	1
Chocolate blanco sin azúcar	Azucares	90.0	1.7	9.9	6.7	0.0	0.0	0.0	19 g	1
Chocolate con almendra	Azucares	77.0	1.3	7.8	5.0	0.0	10.9	0.0	0.3333333333333333 barra	1
Chocolate con arroz tostado	Azucares	70.0	1.0	7.9	3.9	0.0	11.4	0.0	0.3333333333333333 barra	1
Chocolate con azúcar	Azucares	70.0	0.6	11.3	2.5	0.0	5.0	0.0	15 g	1
Chocolate con galleta y caramelo	Azucares	75.0	0.7	9.7	3.7	0.0	29.7	0.0	0.5 barra	1
Chocolate con leche	Azucares	64.0	1.4	11.1	1.6	0.0	57.3	0.0	15 g	1
Chocolate con leche con menos de! 1nd% proteínas	Azucares	60.0	1.3	10.3	1.5	0.0	53.5	0.0	14 g	1
Chocolate con leche y Almendras sin azúcar	Azucares	86.0	1.5	6.0	6.3	0.0	24.5	0.0	15 g	1
Chocolate con nugat	Azucares	87.0	0.8	13.6	3.3	0.0	32.3	0.0	0.3333333333333333 pieza	1
Chocolate con nugat y cacahuate	Azucares	90.0	1.4	11.5	4.5	0.0	46.7	0.0	0.3333333333333333 pieza	1
Chocolate de coco y almendra	Azucares	78.0	0.7	9.7	4.4	0.0	23.2	0.0	0.3333333333333333 pieza	1
Chocolate de leche	Azucares	88.0	1.3	9.8	4.9	0.0	13.0	0.0	0.6666666666666666 pieza	1
Chocolate de menta	Azucares	68.0	0.3	12.8	2.0	0.0	0.2	0.0	2 pieza	1
Chocolate en polvo con más del 1nd% proteínas	Azucares	60.0	1.9	11.0	1.0	0.0	14.1	0.0	15 9	1
Chocolate en polvo con menos del 1nd% proteínas	Azucares	48.0	0.9	10.1	0.4	0.0	45.8	0.0	12 g	1
Chocolate en polvo DICONSA	Azucares	94.0	15.0	6.0	1.1	0.0	162.5	0.0	25 g	1
Chocolate en polvo sin azúcar	Azucares	40.0	2.0	6.0	1.0	0.0	0.0	0.0	2 cucharadita	1
Chocolate fundido	Azucares	59.0	0.3	10.9	1.5	0.0	6.4	0.0	0.75 cucharada	1
Chocolate para repostería sin azúcar	Condimentos	10.0	0.2	0.6	1.1	0.0	0.3	0.0	2 g	1
Chocolate rallado	Azucares	87.0	0.9	9.9	5.4	0.0	0.7	0.0	5 cucharadita	1
Chocolate semi amargo	Azucares	81.0	0.7	10.7	5.1	0.0	1.9	0.0	17 g	1
Chocolate sin azúcar	Azucares	85.0	2.1	6.1	5.8	0.0	0.5	0.0	15 g	1
Chongos zamoranos	Lacteos	194.0	6.0	34.6	3.2	0.0	54.0	0.0	0.5 taza	1
Chorizo	Aceites	64.0	3.5	0.0	5.6	0.0	11.5	0.0	15 g	1
Chorizo de pollo	Aceites	72.0	5.0	0.1	5.7	0.0	302.4	0.0	35 g	1
Chorizo vegetariano	Aceites	70.0	4.1	0.2	5.7	0.0	0.0	0.0	15 g	1
Chuleta ahumada	Carnes	34.0	6.1	0.1	1.0	0.0	456.8	0.0	0.5 pieza	1
Chuleta de carnero	Carnes	105.0	5.6	0.0	9.0	0.0	27.0	0.0	40 g	0
Chuleta de cerdo	Carnes	54.0	7.6	0.0	2.4	0.0	31.4	0.0	0.5 pieza	1
Chuleta de cordero entera	Carnes	94.0	8.3	0.0	6.5	0.0	26.8	0.0	0.3333333333333333 pieza	1
Cilantro picado crudo	Verduras	24.0	2.2	3.9	0.5	2.9	0.0	547.1	1.75 taza	1
Ciruela criolla roja o amarilla	Frutas	73.0	1.1	18.1	0.4	2.2	0.0	273.6	3 pieza	1
Ciruela pasa deshuesada	Frutas	60.0	0.5	15.7	0.1	1.7	0.0	0.0	7 pieza	1
Clara de huevo	Carnes	32.0	7.2	0.5	0.1	0.0	109.6	0.0	2 pieza	1
Clara de huevo en polvo	Carnes	34.0	7.2	0.7	0.0	0.0	113.8	0.0	1.3333333333333333 cucharada	1
Clavito (hongo) crudo	Verduras	28.0	4.3	3.8	0.4	1.1	0.0	0.0	1 taza	1
Clavo	Condimentos	6.0	0.1	1.2	0.4	0.0	5.0	0.0	1 cucharadita	1
Clavo de olor	Condimentos	6.0	0.1	1.2	0.4	0.0	5.0	0.0	1 cucharadita	1
Clavo en polvo	Condimentos	6.0	0.1	1.2	0.4	0.0	5.0	0.0	1 cucharadita	1
Clavo entero	Condimentos	6.0	0.1	1.2	0.4	0.0	5.0	0.0	2 g	1
Clavo molido	Condimentos	6.0	0.1	1.2	0.4	0.0	5.0	0.0	1 cucharadita	1
Cliambarete	Carnes	42.0	6.8	0.0	1.6	0.0	20.0	0.0	35 g	1
Clight	Condimentos	8.0	0.0	2.0	0.0	0.0	6.5	0.0	3 sobre	1
Coca Cola de dieta	Condimentos	1.0	0.0	0.1	0.0	0.0	3.9	0.0	1 lata	1
Coca Cola Zero	Condimentos	1.0	0.0	0.0	0.0	0.0	7.2	0.0	1 lata	1
Coca light	Condimentos	1.0	0.0	0.1	0.0	0.0	3.9	0.0	1 lata	1
Cocacola de dieta	Condimentos	1.0	0.0	0.1	0.0	0.0	3.9	0.0	1 lata	1
Cocada	Aceites	41.0	0.7	5.6	2.3	0.0	13.2	0.0	0.3333333333333333 pieza	1
Coco	Aceites	41.0	0.5	0.9	4.3	0.0	0.0	0.0	8 9	1
Coco de aceite	Aceites	41.0	0.5	0.9	4.3	0.0	0.0	0.0	8 9	1
Coco deshidratado	Aceites	40.0	0.4	1.5	3.9	0.0	2.1	0.0	6 g	1
Coco en hojuelas	Aceites	44.0	0.3	4.4	3.0	0.0	23.6	0.0	2 cucharada	1
Coco entero	Aceites	42.0	0.5	0.7	4.6	0.0	3.2	0.0	25 g	1
Coco fresco	Aceites	42.0	0.4	1.8	4.0	0.0	2.4	0.0	12 g	1
Coco rallado	Aceites	44.0	0.3	4.2	3.1	0.0	22.9	0.0	1.5 cucharada	1
Coco rallado y endulzado	Aceites	44.0	0.3	4.2	3.1	0.0	22.9	0.0	1.5 cucharada	1
Coco seco	Aceites	44.0	0.3	4.2	3.1	0.0	22.9	0.0	1.5 cucharada	1
Coco seco y endulzado	Aceites	44.0	0.3	4.2	3.1	0.0	22.9	0.0	1.5 cucharada	1
Cocoa	Aceites	72.0	6.3	11.8	0.6	0.0	155.2	0.0	2 cucharada	1
Cocoa en polvo	Azucares	40.0	2.0	6.0	1.0	0.0	0.0	0.0	2 cucharadita	1
Cocoa en polvo con aspartame	Condimentos	9.0	0.7	1.6	0.1	0.0	30.8	0.0	0.25 cucharada	1
Cocoa sin azúcar	Condimentos	7.0	0.4	0.9	0.2	0.0	0.3	0.0	0.2 cucharada	1
Cocoa sin azúcar Hershey	Condimentos	7.0	0.4	0.9	0.2	0.0	0.3	0.0	0.2 cucharada	1
Cocoyol	Frutas	66.0	2.2	8.4	3.3	1.8	0.0	0.0	150 g	1
Codito crudo	Cereales	74.0	2.5	15.0	0.2	0.1	0.4	0.0	20 g	1
Coditos con crema deshidratados	Cereales	61.0	1.9	9.6	1.5	0.0	122.9	0.0	5.5 cucharada	1
Col cocida picada	Verduras	17.0	1.0	4.1	0.0	1.4	0.0	147.0	0.5 taza	1
Col cruda picada	Verduras	20.0	1.0	4.5	0.2	1.9	0.0	206.4	1.5 taza	1
Col morada cruda picada	Verduras	17.0	0.8	4.1	0.1	1.2	0.0	136.1	1 taza	1
Colecita de Bruselas cocida	Verduras	23.0	1.6	4.5	0.3	1.6	0.0	199.5	3 pieza	1
Coliflor cocida	Verduras	21.0	1.7	3.9	0.4	2.2	0.0	133.1	0.75 taza	1
Coliflor cruda	Verduras	20.0	1.6	4.2	0.1	2.0	0.0	242.4	2 taza	1
Coliflor verde cocida	Verduras	22.0	2.1	4.2	0.2	2.2	0.0	187.7	0.5 taza	1
Coliflor verde cruda	Verduras	21.0	2.0	4.2	0.2	2.2	0.0	205.0	1.75 taza	1
Colinabo crudo	Verduras	22.0	1.1	4.1	0.1	1.4	0.0	230.0	90 g	1
Coloc	Frutas	61.0	1.1	15.4	0.3	0.3	0.0	0.0	60 g	1
Comed beef	Carnes	54.0	6.7	0.0	3.1	0.0	218.8	0.0	25 g	1
Comed beef con áspic	Carnes	46.0	6.9	0.0	1.8	0.0	286.1	0.0	30 g	1
Comino	Condimentos	7.0	0.4	0.9	0.4	0.0	3.0	0.0	1 cucharadita	1
Comino entero	Condimentos	7.0	0.4	0.9	0.4	0.0	3.0	0.0	1 cucharadita	1
Comino molido	Condimentos	6.0	0.2	0.4	0.2	0.0	2.0	0.0	0.5 cucharadita	1
Concentrado de pollo	Condimentos	6.0	0.4	0.7	0.1	0.0	720.0	0.0	3 g	1
Concha, pan dulce	Cereales	92.0	2.4	11.8	3.9	0.0	87.4	0.0	0.3333333333333333 pieza	1
Conejo	Carnes	57.0	7.3	0.0	2.9	0.0	15.5	0.0	45 g	0
Conejo crudo	Carnes	48.0	7.0	0.0	1.9	0.0	14.4	0.0	35 g	0
Conejo de crianza	Carnes	51.0	6.5	0.0	2.6	0.0	13.8	0.0	40 g	0
Consomé	Condimentos	10.0	1.2	0.2	0.3	0.0	190.8	0.0	0.25 taza	1
Consomé de camarón en polvo	Condimentos	8.0	0.6	1.0	0.2	0.0	950.4	0.0	0.3333333333333333 cucharada	1
Consomé de pescado	Condimentos	6.0	0.0	0.2	0.4	0.0	19.2	0.0	20 g	1
Consomé de pollo	Condimentos	10.0	1.2	0.2	0.3	0.0	190.8	0.0	0.25 taza	1
Consomé de pollo bajo en grasa	Condimentos	5.0	0.3	0.8	0.0	0.0	120.0	0.0	5 cucharada	1
Consomé de pollo desgrasado en polvo	Condimentos	2.0	0.0	0.4	0.4	0.0	0.0	0.0	1 cucharada	1
Consomé de pollo en cubo	Condimentos	4.0	0.3	0.5	0.1	0.0	475.2	0.0	0.3333333333333333 pieza	1
Consomé de pollo en polvo	Condimentos	8.0	0.6	1.0	0.0	0.0	950.4	0.0	0.3333333333333333 cucharada	1
Consomé de res	Condimentos	9.0	1.4	0.1	0.3	0.0	391.0	0.0	0.5 taza	1
Consomé de res condensado	Condimentos	8.0	1.3	0.0	0.2	0.0	391.2	0.0	0.25 taza	1
Consomé de res en cubo	Condimentos	5.0	0.3	0.5	0.2	0.0	336.3	0.0	0.3333333333333333 pieza	1
Consomé de res en polvo	Condimentos	2.0	0.0	0.4	0.2	0.0	2.0	0.0	1 cucharada	1
Consomé de res enlatado	Condimentos	8.0	1.3	0.0	0.2	0.0	391.2	0.0	0.25 taza	1
Consomé en polvo	Condimentos	8.0	0.6	1.0	0.2	0.0	950.4	0.0	0.3333333333333333 cucharada	1
Consomé sabor tomate	Condimentos	6.0	0.3	1.5	0.0	0.0	2.7	0.0	2 g	1
Coquito	Aceites	41.0	0.5	0.9	4.3	0.0	0.0	0.0	8 g	1
Corazón de alcachofa crudo	Verduras	16.0	0.6	4.1	0.0	0.3	0.0	84.8	1 pieza	1
Corazón de borrego	Carnes	55.0	7.4	0.2	2.5	0.0	39.5	0.0	45 g	1
Corazón de borrego cocido	Carnes	55.0	7.4	0.6	2.4	0.0	18.7	0.0	30 g	1
Corazón de cordero	Carnes	55.0	7.4	0.2	2.5	0.0	39.5	0.0	45 g	1
Corazón de cordero cocido	Carnes	55.0	7.4	0.6	2.4	0.0	18.7	0.0	30 g	1
Corazón de lechuga crudo	Verduras	12.0	1.2	4.4	0.0	1.9	0.0	197.6	1 pieza	1
Corazón de palmito crudo	Verduras	27.0	2.4	4.5	0.6	2.4	0.0	174.0	3 pieza	1
Corazón de pavo	Carnes	58.0	7.3	0.3	2.8	0.0	35.1	0.0	40 g	1
Corazón de pavo cocido	Carnes	39.0	6.4	0.2	1.4	0.0	27.0	0.0	30 g	1
Corazón de pollo cocido	Carnes	53.0	7.9	0.0	2.6	0.0	17.5	0.0	25 g	1
Corazón de puerco cocido	Carnes	37.0	5.9	0.1	1.3	0.0	8.7	0.0	25 g	1
Corazón de puerco crudo	Carnes	41.0	6.0	0.5	1.5	0.0	19.6	0.0	35 g	1
Corazón de res cocido	Carnes	41.0	7.1	0.0	1.2	0.0	14.8	0.0	25 g	1
Corazón de res crudo	Carnes	43.0	6.7	0.1	1.5	0.0	37.2	0.0	38 g	1
Corazón de ternera cocido	Carnes	37.0	5.8	0.0	1.4	0.0	11.6	0.0	20 g	1
Corazón de ternera crudo	Carnes	44.0	6.9	0.0	1.6	0.0	30.8	0.0	40 g	1
Cordero	Carnes	104.0	6.1	0.0	8.6	0.0	21.7	0.0	50 g	1
Coroso	Aceites	72.0	0.8	1.6	7.5	0.0	0.0	0.0	14 g	1
Costilla de carnero	Carnes	105.0	5.6	0.0	9.0	0.0	27.0	0.0	45 g	0
Costilla de res	Carnes	112.0	4.5	0.0	10.3	0.0	15.2	0.0	40 g	1
Costillar de cerdo	Carnes	69.0	6.5	0.0	4.6	0.0	13.7	0.0	50 g	1
Costillitas de cerdo	Carnes	69.0	6.5	0.0	4.6	0.0	13.7	0.0	50 g	1
Crema	Aceites	43.0	0.0	2.1	3.2	0.0	0.0	0.0	1 cucharada	1
Crema 2nd% grasa (dulce)	Aceites	41.0	0.6	0.8	4.1	0.0	8.5	0.0	3.6666666666666665 cucharada	1
Crema 4nd% grasa (agria)	Aceites	45.0	0.3	0.4	4.8	0.0	4.9	0.0	1 cucharada	1
Crema acida	Aceites	46.0	0.7	0.9	4.4	0.0	10.5	0.0	2 cucharada	1
Crema agria	Aceites	44.0	0.3	0.4	4.8	0.0	4.9	0.0	1 cucharada	1
Crema batida	Aceites	42.0	0.2	0.3	4.4	0.0	4.8	0.0	5.5 cucharada	1
Crema batida en aerosol	Aceites	40.0	0.5	2.0	3.5	0.0	20.0	0.0	5 cucharada	1
Crema chantilly	Aceites	42.0	0.2	0.3	4.4	0.0	4.8	0.0	1.5 cucharada	1
Crema de coco dulce	Aceites	49.0	0.3	13.5	4.1	0.0	9.1	0.0	4 cucharaditas	1
Crema de coco natural	Aceites	50.0	0.5	1.0	5.2	0.0	0.6	0.0	3 cucharaditas	1
Crema de leche en polvo	Aceites	39.0	3.4	4.9	0.6	0.0	51.7	0.0	4 cucharada	1
Crema de menta	Bebidas	148.0	0.0	17.0	0.0	0.0	0.0	0.0	40 ml	1
Crema dulce	Aceites	36.0	0.5	0.7	3.6	0.0	7.5	0.0	4 cucharaditas	1
Crema dulce para batir	Aceites	36.0	0.5	0.7	3.6	0.0	7.5	0.0	4 cucharaditas	1
Crema en polvo para café	Azucares	98.0	0.9	9.9	6.4	0.0	32.6	0.0	9 cucharadita	1
Crema entera	Aceites	41.0	0.3	0.4	4.3	0.0	4.7	0.0	1 cucharada	1
Crema ligera	Aceites	41.0	0.3	0.4	4.3	0.0	4.7	0.0	1 cucharada	1
Crema natural	Aceites	43.0	0.0	2.1	3.2	0.0	0.0	0.0	1 cucharada	1
Crema para batir	Aceites	41.0	0.6	0.8	4.1	0.0	8.4	0.0	1.5 cucharada	1
Crema para café	Aceites	41.0	0.3	0.4	4.3	0.0	4.7	0.0	1 cucharada	1
Crémor tártaro	Condimentos	8.0	0.0	1.8	0.0	0.0	2.0	0.0	1 cucharadita	1
Crepas	Cereales	69.0	1.6	13.1	1.0	0.5	147.5	0.0	2 pieza	1
Crepas para rellenar	Cereales	69.0	2.3	11.6	1.4	0.3	116.4	0.0	2 pieza	1
Crepas saladas	Cereales	69.0	1.6	13.1	1.0	0.5	147.5	0.0	2 pieza	1
Cresón cocido	Verduras	23.0	1.9	3.9	0.6	0.7	0.0	357.4	0.75 taza	1
Cresón limpio crudo	Verduras	24.0	2.1	4.2	0.6	0.9	0.0	454.5	1.5 taza	1
Croutones	Cereales	61.0	1.8	11.1	1.0	0.8	104.5	0.0	0.5 taza	1
Croutones sazonados	Cereales	105.0	1.2	14.3	4.1	1.1	278.4	0.0	0.75 taza	1
Crucetas crudas	Verduras	21.0	1.3	4.3	0.2	0.8	0.0	0.0	150 g	1
Cundeamor	Frutas	32.0	3.9	15.9	0.7	5.6	0.0	0.0	450 g	1
Cuadritos de avena	Cereales	71.0	2.9	13.8	1.0	2.2	68.3	0.0	0.3333333333333333 taza	1
Cuadritos de avena con salvado	Cereales	71.0	2.9	13.8	1.0	2.2	68.3	0.0	0.3333333333333333 taza	1
Cubierta de chocolate	Cereales	72.0	0.0	13.7	2.0	0.0	0.0	0.0	3 cucharadita	1
Cubierta de fresa	Cereales	68.0	0.1	17.7	0.0	0.3	5.7	0.0	5 cucharadita	1
Cubierta de nuez	Cereales	109.0	0.0	19.3	5.9	0.5	11.1	0.0	5 cucharadlta	1
Cubierta de pifia	Cereales	67.0	0.0	17.7	0.0	0.3	16.5	0.0	5 cucharadita	1
Cubierta de queso crema para pasteles	Cereales	105.0	2.3	16.9	4.4	0.0	60.0	0.0	4 cucharadita	1
Cubo consomé	Condimentos	12.0	0.8	1.4	0.2	0.0	1440.0	0.0	0.25 pieza	1
Cueritos de fruta	Azucares	39.0	0.0	9.0	0.3	0.0	33.3	0.0	0.5 pieza	1
Cuernito	Cereales	115.0	3.2	13.0	6.0	0.7	210.8	0.0	0.3333333333333333 pieza	1
Cuernito de manzana	Cereales	109.0	19.6	15.9	3.8	1.1	117.4	0.0	0.6666666666666666 pieza	1
Cuernito de queso	Cereales	89.0	2.2	10.1	4.5	0.6	118.9	0.0	0.3333333333333333 pieza	1
Cuerno	Cereales	98.0	1.0	11.6	4.8	0.0	84.1	0.0	0.3333333333333333 pieza	1
Cuete	Carnes	41.0	7.3	1.3	1.3	0.0	25.7	0.0	45 g	1
Cuete de res	Carnes	41.0	7.3	1.3	1.3	0.0	25.7	0.0	45 g	1
Cuete de ternera	Carnes	55.0	6.9	0.0	2.8	0.0	31.5	0.0	35 g	1
Cuitlacoche cocido	Verduras	20.0	0.8	4.1	0.1	1.2	0.0	0.0	0.3333333333333333 taza	1
Cúrcuma	Cereales	73.0	5.6	13.2	0.0	1.7	0.0	0.0	160 g	1
Curry	Condimentos	7.0	0.3	1.2	0.3	0.0	1.0	0.0	1 cucharadita	1
Curry en polvo	Condimentos	7.0	0.3	1.2	0.3	0.0	1.0	0.0	1 cucharadita	1
Dátil seco	Frutas	46.0	0.3	12.4	0.0	1.1	0.0	108.2	2 pieza	1
Decaf	Condimentos	4.0	0.2	0.7	0.0	0.0	1.0	0.0	1 cucharadita	1
Diet coke	Condimentos	1.0	0.0	0.1	0.0	0.0	3.9	0.0	1 taza	1
Diet sprite	Condimentos	3.0	0.1	0.0	0.0	0.0	0.0	0.0	i taza	1
Dip	Aceites	48.0	1.0	1.9	3.9	0.0	154.8	0.0	2 cucharada	1
Dip de cebolla	Aceites	48.0	1.0	1.9	3.9	0.0	154.8	0.0	2 cucharada	1
Dip preparado	Aceites	48.0	1.0	1.9	3.9	0.0	154.8	0.0	2 cucharada	1
Dip preparado con crema	Aceites	48.0	1.0	1.9	3.9	0.0	154.8	0.0	2 cucharada	1
Dona	Cereales	90.0	1.0	10.7	4.9	0.3	117.3	0.0	0.3333333333333333 pieza	1
Dona azucarada	Cereales	90.0	1.0	10.7	4.9	0.3	117.3	0.0	0.3333333333333333 pieza	1
Dona glaseada	Cereales	90.0	1.1	12.4	4.3	0.5	73.8	0.0	0.3333333333333333 pieza	1
Dona glaseada de chocolate	Cereales	103.0	1.3	10.4	6.7	0.5	92.7	0.0	0.3333333333333333 pieza	1
Durazno amarillo	Frutas	60.0	1.4	14.6	0.2	2.3	0.0	301.0	2 pieza	1
Durazno prisco	Frutas	51.0	1.2	12.5	0.1	2.0	0.0	266.6	3 pieza	0
Endivia cruda	Verduras	22.0	1.6	4.3	0.3	4.0	0.0	405.1	3 taza	1
Echalot	Verduras	25.0	0.9	5.8	0.0	0.0	0.0	114.9	1 pieza	1
Eclair de chocolate	Cereales	98.0	0.8	12.8	4.6	0.0	32.5	0.0	0.5 pieza	1
Ejotes cocidos picados	Verduras	22.0	1.2	4.9	0.2	2.0	0.0	91.3	0.5 taza	1
Elote amarillo cocido	Cereales	71.0	2.2	16.6	0.8	1.9	0.0	0.0	1.5 pieza	1
Elote amarillo congelado	Cereales	70.0	2.3	16.7	0.6	2.0	2.3	0.0	1.5 pieza	1
Elote amarillo crudo	Cereales	61.0	2.3	17.7	0.9	2.0	12.1	0.0	1.33333333333333 pieza	1
Elote amarillo desgranado cocido	Cereales	66.0	2.3	16.2	0.4	2.0	4.2	0.0	0.5 taza	1
Elote amarillo desgranado crudo	Cereales	66.0	2.3	16.2	0.4	2.0	4.2	0.0	0.5 taza	1
Elote amarillo enlatado	Cereales	66.0	2.1	15.2	0.8	1.6	175.0	0.0	0.5 taza	1
Elote blanco cocido	Cereales	70.0	2.6	15.5	1.0	2.2	12.2	0.0	1.5 pieza	1
Elote blanco desgranado	Cereales	66.0	2.3	16.2	0.4	2.0	4.2	0.0	0.5 taza	1
Elote crudo	Cereales	70.0	2.6	15.5	1.0	2.2	12.2	0.0	1.5 pieza	1
Elote desgranado	Cereales	66.0	2.3	16.2	0.4	2.0	4.2	0.0	0.5 taza	1
Elote enlatado	Cereales	66.0	2.1	15.2	0.8	1.6	175.0	0.0	0.5 taza	1
Elotitos de cambray	Verduras	26.0	2.1	4.3	0.0	1.8	0.0	159.2	8 pieza	1
Empuje	Carnes	37.0	7.4	0.0	0.6	0.0	19.8	0.0	33 g	1
Empuje cocido	Carnes	75.0	7.4	0.0	4.8	0.0	14.7	0.0	30 g	1
Empuje de res	Carnes	37.0	7.4	0.0	0.6	0.0	19.8	0.0	33 g	1
Empuje de res cocido	Carnes	75.0	7.4	0.0	4.8	0.0	14.7	0.0	30 g	1
Eneldo	Condimentos	3.0	0.3	0.5	0.1	0.0	4.2	0.0	5 cucharadita	1
Eneldo deshidratado	Condimentos	3.0	0.2	0.6	0.0	0.0	2.0	0.0	1 cucharadita	1
Eneldo en semilla	Condimentos	6.0	0.3	1.1	0.3	0.0	0.0	0.0	1 cucharadita	1
English muffin	Cereales	67.0	2.2	13.1	0.5	0.8	132.0	0.0	0.5 pieza	0
Escalopa de res	Carnes	34.0	7.2	0.0	0.3	0.0	18.0	0.0	30 g	1
Escamóles	Carnes	29.0	7.2	0.0	0.0	0.0	0.0	0.0	16 g	1
Espagueti cocido	Cereales	57.0	2.5	12.3	0.2	2.1	1.4	0.0	0.3333333333333333 taza	1
Espagueti con espinaca cocido	Cereales	61.0	2.1	12.2	0.3	0.0	6.7	0.0	0.3333333333333333 taza	1
Espagueti crudo	Cereales	70.0	2.9	15.0	0.3	0.1	1.6	0.0	20 9	1
Espagueti integral cocido	Cereales	57.0	2.5	12.3	0.3	2.1	1.3	0.0	0.3333333333333333 taza	1
Espagueti integral crudo	Cereales	70.0	2.9	15.0	0.3	0.1	1.6	0.0	20 g	1
Espaldilla	Carnes	99.0	5.8	0.0	8.2	0.0	22.7	0.0	45 g	1
Espaldilla de cerdo	Carnes	99.0	5.8	0.0	8.2	0.0	22.7	0.0	45 g	1
Espárragos crudos	Verduras	22.0	2.3	3.8	0.3	2.8	0.0	144.0	6 pieza	1
Especias para sazonar aves	Condimentos	6.0	0.0	1.3	0.2	0.0	1.0	0.0	1 cucharadita	1
Espinaca cocida	Verduras	21.0	2.7	3.4	0.2	3.2	0.0	419.0	0.5 taza	1
Espinaca cruda picada	Verduras	28.0	3.4	4.4	0.4	2.6	0.0	669.6	2 taza	1
Espinazo	Carnes	99.0	5.8	0.0	8.2	0.0	22.7	0.0	45 g	1
Espinazo de cerdo	Carnes	99.0	5.8	0.0	8.2	0.0	22.7	0.0	45 g	1
Estragón	Condimentos	6.0	0.5	1.0	0.1	0.0	1.0	0.0	1 cucharadita	1
Estragón molido	Condimentos	6.0	0.5	1.0	0.1	0.0	1.0	0.0	1 cucharadita	1
Estragón seco	Condimentos	6.0	0.5	1.0	0.1	0.0	1.0	0.0	1 cucharadita	1
Extracto de vainilla	Condimentos	8.0	0.0	0.4	0.0	0.0	0.0	0.0	1 cucharadita	1
Extraviado	Carnes	34.0	7.9	0.0	0.3	0.0	0.0	0.0	80 g	1
Extraviado fileteado	Carnes	34.0	7.9	0.0	0.3	0.0	0.0	0.0	41 g	1
Fajita de pollo sin piel cruda	Carnes	40.0	6.8	0.0	1.1	0.0	29.3	0.0	1.33333333333333 pieza	1
Falda	Carnes	35.0	7.4	0.0	0.6	0.0	20.0	0.0	35 g	1
Falda abierta	Carnes	35.0	7.4	0.0	0.6	0.0	20.0	0.0	35 g	1
Falda de cerdo	Carnes	56.0	7.9	0.0	2.5	0.0	32.8	0.0	40 g	1
Falda de res	Carnes	35.0	7.4	0.0	0.6	0.0	20.0	0.0	35 g	1
Fécula de maíz	Cereales	60.0	0.0	14.4	0.0	0.0	0.0	0.0	2 cucharada	1
Fécula de maíz de sabor	Cereales	60.0	0.0	14.4	0.0	0.0	0.0	0.0	2 cucharada	1
Fetuccini crudo	Cereales	70.0	2.7	14.1	0.5	0.6	3.2	0.0	20 g	1
Fideo cocido	Cereales	74.0	2.5	15.0	0.2	0.1	0.4	0.0	0.5 taza	1
Fideo con tomate deshidratado	Cereales	72.0	2.6	13.3	1.0	0.0	399.4	0.0	2 cucharada	1
Fideo crudo	Cereales	72.0	2.7	14.5	0.5	0.7	1.1	0.0	20 g .	1
Fideo seco deshidratado	Cereales	72.0	2.6	13.3	1.0	0.0	399.4	0.0	2 cucharada	1
Filete de bandera crudo	Carnes	36.0	7.5	0.0	0.5	0.0	32.4	0.0	40 g	1
Filete de calamar crudo	Carnes	41.0	7.0	1.4	0.6	0.0	19.6	0.0	45 g	1
Filete de carpa	Carnes	51.0	7.2	0.0	2.3	0.0	19.8	0.0	40 g	0
Filete de cazón crudo	Carnes	39.0	6.3	0.0	1.3	0.0	23.6	0.0	30 g	0
Filete de cerdo	Carnes	49.0	6.9	0.0	2.2	0.0	28.7	0.0	35 g	1
Filete de extraviado	Carnes	34.0	7.7	0.0	0.3	0.0	0.0	0.0	40 g	1
Filete de guachinango, pargo	Carnes	35.0	7.2	0.0	0.5	0.0	22.2	0.0	35 g	1
Filete de huachinango. pargo	Carnes	35.0	7.2	0.0	0.5	0.0	22.2	0.0	35 g	1
Filete de lenguado	Carnes	34.0	7.5	0.0	0.5	0.0	35.1	0.0	45 g	0
Filete de merluza	Carnes	34.0	7.5	0.0	0.5	0.0	35.1	0.0	45 g	1
Filete de mero	Carnes	34.0	7.7	0.0	0.3	0.0	0.0	0.0	40 g	1
Filete de mojarra	Carnes	40.0	7.7	0.0	1.1	0.0	0.0	0.0	40 g	1
Filete de pescado	Carnes	36.0	7.5	0.0	0.5	0.0	32.4	0.0	40 g	1
Filete de pescado Blanco del Nilo	Carnes	36.0	7.2	0.4	0.6	0.0	10.0	0.0	40 g.	1
Filete de puerco	Carnes	49.0	6.9	0.0	2.2	0.0	28.7	0.0	35 g	1
Filete de res	Carnes	36.0	7.2	0.0	0.8	0.0	18.0	0.0	30 g	1
Filete de robalo	Carnes	35.0	7.6	0.0	0.3	0.0	27.3	0.0	40 g	1
Filete de salmón	Carnes	55.0	6.0	0.0	3.2	0.0	17.6	0.0	30 g	1
Filete de venado	Carnes	45.0	7.6	0.0	1.4	0.0	32.4	0.0	40 g	0
Filete miñón	Carnes	36.0	7.2	0.0	0.8	0.0	18.0	0.0	0.25 pieza	1
Filete mlgnón	Carnes	36.0	7.2	0.0	0.8	0.0	18.0	0.0	0.25 pieza	1
Filete tampiqueña	Carnes	36.0	7.2	0.0	0.8	0.0	18.0	0.0	0.25 pieza	1
Flan casero	Azucares	89.0	2.8	13.9	2.5	0.0	32.4	0.0	0.2 taza	1
Flan de caja preparado con leche descremada	Azucares	63.0	1.8	11.5	1.1	0.0	69.2	0.0	0.2 taza	1
Flan de caja preparado con leche entera	Azucares	69.0	1.8	11.4	1.8	0.0	68.5	0.0	0.2 taza	1
Flan en polvo	Azucares	42.0	0.0	11.0	0.0	0.0	51.8	0.0	1 cucharada	1
Flor de calabaza cocida	Verduras	20.0	1.4	4.4	0.2	1.2	0.0	142.0	1 taza	1
Flor de calabaza cruda picada	Verduras	20.0	1.2	4.4	0.0	0.0	0.0	228.0	4 taza	1
Flor de colorín cocida	Verduras	24.0	1.8	4.0	0.1	1.0	0.0	0.0	0.5 taza	1
Flor de colorín cruda	Verduras	24.0	1.8	4.0	0.1	1.0	0.0	0.0	1 taza	1
Flor de garambullo cruda	Verduras	19.0	0.4	4.1	0.1	0.4	0.0	0.0	50 g	1
Flor de jamaica	Condimentos	1.0	0.0	0.2	0.0	0.0	0.1	0.0	1 taza	1
Flor de maguey cruda	Verduras	21.0	0.5	4.4	0.1	0.4	0.0	0.0	60 g	1
Flor de Yuca cruda	Verduras	29.0	2.0	4.5	0.3	0.5	0.0	0.0	75 g	1
Fondue de queso	Carnes	104.0	6.5	1.7	6.1	0.0	60.2	0.0	3.5 cucharada	1
Frambuesa	Frutas	64.0	1.5	14.7	0.8	5.0	0.0	187.0	1 taza	1
Fresa entera	Frutas	65.0	1.4	15.7	0.6	4.1	0.0	312.1	17 pieza med	1
Fresa rebanada	Frutas	53.0	1.1	12.7	0.5	3.3	0.0	254.0	1 taza	1
Frijol germinado cocido	Leguminosas	97.0	8.8	18.6	1.0	10.7	127.7	0.0	1 taza	1
Frijol germinado crudo	Leguminosas	105.0	9.6	20.4	1.1	0.0	156.0	0.0	5.5 taza	1
Frijol molido	Leguminosas	96.0	6.4	17.2	0.4	6.3	101.6	0.0	0.3333333333333333 taza	1
Frijol promedio cocido	Leguminosas	114.0	7.6	20.4	0.5	7.5	120.4	0.0	0.5 taza	1
Frijol promedio crudo	Leguminosas	119.0	7.6	21.8	0.5	5.3	123.2	0.0	35 g	1
Frijoles enteros enlatados	Leguminosas	108.0	6.7	18.6	0.8	6.8	115.2	0.0	0.5 taza	1
Frijoles refritos, caseros o enlatados	Leguminosas	95.0	4.1	11.3	4.1	7.1	0.0	0.0	0.3333333333333333 taza	1
Frituras de maíz con chile y limón	Cereales	84.0	0.8	8.3	5.3	0.0	218.2	0.0	0.3333333333333333 bolsa	1
Frituras de maíz con limón y sal	Cereales	84.0	1.3	8.3	5.3	0.0	218.2	0.0	0.3333333333333333 bolsa	1
Fruitcake	Cereales	65.0	0.6	12.3	1.8	0.7	54.0	0.0	0.5 rebanada	0
Fruta cristalizada	Azucares	45.0	0.5	11.0	0.1	0.0	0.0	0.0	15 g	1
Fruta de la pasión	Frutas	56.0	1.3	13.5	0.4	6.0	0.0	202.1	3 pieza	1
Fruta picada	Frutas	59.0	0.7	14.7	0.3	1.4	0.0	213.2	1 taza	1
Fruto del pan	Frutas	60.0	1.0	14.9	0.4	1.3	0.0	362.4	85 g	1
Fusili cocido	Cereales	57.0	2.5	12.3	0.2	2.1	1.4	0.0	0.3333333333333333 taza	1
Fusili crudo	Cereales	70.0	2.9	15.0	0.3	0.1	1.6	0.0	20 g	1
Gandul	Leguminosas	118.0	6.0	22.7	0.6	2.9	0.0	0.0	40 g	1
Gajos de mandarina	Frutas	56.0	0.9	14.0	0.3	1.9	0.0	186.9	1 taza	1
Gajos de naranja	Frutas	53.0	1.0	13.3	0.1	2.7	0.0	203.6	0.75 taza	1
Gajos de toronja	Frutas	50.0	0.8	12.6	0.2	1.7	0.0	0.0	1 taza	1
Galleta barras de higo	Cereales	56.0	0.6	11.3	1.2	0.7	56.0	0.0	1 pieza	1
Galleta con chispas de chocolate	Cereales	105.0	1.2	13.8	5.3	0.7	72.2	0.0	3 pieza	1
Galleta cubierta de chocolate	Cereales	103.0	1.5	14.2	5.0	0.7	61.5	0.0	5.5 pieza	1
Galleta de animalitos	Cereales	68.0	1.1	11.3	2.1	0.2	59.5	0.0	6 pieza	1
Galleta de avena	Cereales	108.0	1.0	16.5	4.4	0.7	91.8	0.0	1.33333333333333 pieza	1
Galleta de avena con pasas	Cereales	110.0	0.9	15.0	5.0	0.0	75.0	0.0	2 pieza	1
Galleta de avena y manzana	Cereales	108.0	2.1	17.6	3.5	0.0	106.5	0.0	1 pieza	1
Galleta de crema de cacahuate	Cereales	108.0	1.0	13.2	5.3	0.5	93.0	0.0	1.5 pieza	1
Galleta de malvavisco con chocolate	Cereales	110.0	1.5	17.6	4.4	0.6	44.0	0.0	2 pieza	1
Galleta de manzana	Cereales	65.0	0.7	15.6	0.0	0.7	39.0	0.0	1.33333333333333 pieza	1
Galleta de nuez	Cereales	110.0	1.5	15.8	4.5	1.9	131.2	0.0	1.5 pieza	1
Galleta de salvado	Cereales	111.0	2.2	12.8	5.3	1.1	74.3	0.0	0.75 pieza	1
Galleta dulce	Cereales	64.0	1.5	10.7	1.7	0.7	48.5	0.0	2 pieza	1
Galleta dulce sin relleno	Cereales	64.0	1.5	10.7	1.7	0.7	48.5	0.0	2 pieza	1
Galleta integral	Cereales	119.0	1.9	17.3	4.5	1.4	225.0	0.0	5 pieza	1
Galleta integral con miel	Cereales	110.0	1.9	18.2	3.2	0.6	90.8	0.0	4 pieza	1
Galleta integral de miel	Cereales	110.0	2.4	18.2	3.2	0.6	90.8	0.0	4 pieza	1
Galleta Integral de trigo	Cereales	113.0	2.1	19.1	3.9	1.6	153.2	0.0	4 pieza	1
Galleta integral molida	Cereales	114.0	1.4	16.6	4.3	1.4	216.0	0.0	4 cucharada	1
Galleta maría	Cereales	69.0	1.3	13.8	1.3	0.1	110.6	0.0	5 pieza	1
Galleta para sopa	Cereales	75.0	1.3	13.8	1.9	0.0	287.5	0.0	15 pieza	1
Galleta sándwich	Cereales	91.0	0.8	16.5	2.1	0.8	181.1	0.0	2 pieza	1
Galleta sándwich de chocolate	Cereales	91.0	0.8	16.5	2.1	0.8	181.1	0.0	2 pieza	1
Galleta sándwich de vainilla	Cereales	91.0	0.8	16.5	2.1	0.8	181.1	0.0	2 pieza	1
Galleta salada	Cereales	69.0	1.4	11.2	2.1	0.0	176.0	0.0	4 pieza	1
Galleta salada cremosa	Cereales	112.0	0.8	14.0	5.6	0.0	189.0	0.0	7 pieza	1
Galleta salada integral	Cereales	70.0	1.6	11.2	1.9	0.4	108.8	0.0	4 pieza	1
Galleta salada molida	Cereales	52.0	1.1	8.4	1.6	0.0	132.0	0.0	2 cucharada	1
Galleta wafers	Cereales	105.0	2.5	15.8	4.5	0.8	30.0	0.0	6 pieza	1
Galletas de Animalitos Adicionadas	Cereales	72.0	1.3	15.6	0.6	0.0	99.9	0.0	5 galletas	1
Galletas Marías	Cereales	69.0	1.3	13.8	1.3	0.1	110.6	0.0	5 galletas	1
Galletas Marías Adicionadas	Cereales	76.0	1.3	15.0	1.3	0.0	125.0	0.0	5 galletas	1
Galletas Marías azucaradas	Cereales	63.0	1.0	11.5	1.5	0.1	98.0	0.0	4 galletas	1
Gallina	Carnes	59.0	7.6	0.0	3.0	0.0	17.4	0.0	40 g	1
Gallina joven cocida	Carnes	59.0	7.6	0.0	3.0	0.0	17.4	0.0	40 g	1
Gallinita de guinea con piel	Carnes	39.0	5.8	0.0	1.6	0.0	16.7	0.0	30 g	0
Gallinita de guinea sin piel	Carnes	38.0	7.2	0.0	0.9	0.0	23.9	0.0	55 g	0
Ganso de crianza	Carnes	52.0	7.4	0.0	2.3	0.0	28.2	0.0	40 g	1
Garbanzo cocido	Leguminosas	135.0	7.3	22.5	2.1	6.3	138.0	0.0	0.5 taza	1
Garbanzo crudo	Leguminosas	127.0	6.8	21.2	2.2	6.1	128.1	0.0	35 g	1
Garbanzo enlatado	Leguminosas	94.0	3.9	17.9	0.9	3.5	71.3	0.0	0.3333333333333333 taza	1
Gelatina	Azucares	37.0	0.7	8.4	0.0	0.0	44.6	0.0	0.3333333333333333 taza	1
Gelatina de dieta	Condimentos	4.0	0.6	0.4	0.0	0.0	28.7	0.0	0.25 taza	1
Gelatina de sabor en polvo	Azucares	38.0	0.8	9.1	0.0	0.0	46.6	0.0	10 g	1
Gelatina en polvo para agua	Azucares	38.0	0.8	9.1	0.0	0.0	46.6	0.0	10 g	1
Gelatina en polvo para leche	Azucares	38.0	0.8	9.1	0.0	0.0	46.6	0.0	10 g	1
Gelatina preparada	Azucares	45.0	0.9	10.2	0.0	0.0	54.0	0.0	4.5 cucharada	1
Gelatina sin azúcar preparada	Condimentos	10.0	1.0	0.0	0.0	0.0	56.0	0.0	1 taza	1
Gengibre	Condimentos	4.0	0.1	0.9	0.1	0.0	0.8	0.0	3 cucharadita	1
Gengibre en polvo	Condimentos	9.0	0.2	1.9	0.2	0.0	0.9	0.0	0.5 cucharada	1
Gengibre fresco	Condimentos	7.0	0.2	1.5	0.1	0.0	1.3	0.0	1 cucharada	1
Germen de alfalfa crudo	Verduras	23.0	4.0	2.1	0.7	1.9	0.0	78.0	3 taza	1
Germen de lenteja crudo	Verduras	20.0	1.7	4.3	0.1	0.0	0.0	62.0	0.25 taza	1
Germen de soya cocido	Verduras	25.0	2.7	2.1	1.4	0.3	0.0	111.3	0.3333333333333333 taza	1
Ginebra	Bebidas	145.0	0.0	0.0	0.0	0.0	0.0	0.0	55 ml	1
Giotilla	Frutas	66.0	2.3	13.9	1.0	2.0	0.0	0.0	200 g	1
Gluten de trigo	Cereales	68.0	7.5	8.5	0.3	0.0	0.4	0.0	3 cucharada	1
Gomitas	Azucares	42.0	0.5	10.2	0.0	0.0	0.0	0.0	4 pieza	1
Granada china	Frutas	65.0	1.5	15.7	0.5	7.3	0.0	233.9	2 pieza	1
Granada roja	Frutas	44.0	0.9	15.5	0.3	2.4	0.0	226.4	1 pieza	1
Granóla baja en grasa	Cereales	70.0	1.5	14.4	1.1	1.1	44.1	0.0	3 cucharada	1
Granóla con Almendras	Cereales	98.0	2.3	14.1	3.5	1.1	7.0	0.0	3 cucharada	1
Granóla con avena y miel	Cereales	96.0	2.1	13.7	4.0	1.4	8.8	0.0	3 cucharada	1
Granóla con fruta seca baja en grasas	Cereales	69.0	1.3	14.4	0.8	1.0	68.7	0.0	3 cucharada	1
Granóla con pasltas y dátiles	Cereales	92.0	2.3	15.2	2.9	1.3	5.3	0.0	3 cucharada	1
Granóla estándar	Cereales	97.0	2.3	14.1	4.0	1.1	8.2	0.0	3 cucharada	1
Granos de elote crudos	Verduras	18.0	0.7	4.0	0.2	0.6	0.0	56.7	2 cucharada	1
Grasa de tocino	Aceites	44.0	0.0	0.0	5.0	0.0	0.0	0.0	5 g	1
Grasas animales	Aceites	44.0	0.0	0.0	5.0	0.0	0.0	0.0	5 g	1
Grasas vegetales para cocinar	Aceites	44.0	0.0	0.0	5.0	0.0	0.0	0.0	5 g	1
Grenetina sin sabor	Condimentos	9.0	1.5	0.8	0.0	0.0	3.8	0.0	0.25 sobre	1
Guacamole	Aceites	46.0	1.0	2.7	3.7	0.0	195.7	0.0	2 cucharada	1
Guachinango	Carnes	36.0	7.3	0.0	0.5	0.0	22.7	0.0	70 g	1
Guachinango cocido	Carnes	36.0	7.4	0.0	0.5	0.0	16.0	0.0	28 g	1
Guachinango crudo fileteado	Carnes	35.0	7.2	0.0	0.5	0.0	22.2	0.0	35 g	1
Guajolote	Carnes	57.0	7.3	0.0	2.8	0.0	23.1	0.0	45 g	1
Guanábana	Frutas	90.0	1.0	15.5	3.8	9.0	0.0	0.0	1 pieza chica	1
Guanábana cimarrona	Frutas	90.0	1.0	15.5	3.8	9.0	0.0	0.0	1 pieza	1
Guayaba	Frutas	63.0	1.0	14.8	0.7	7.0	0.0	352.7	3 pieza	1
Guayaba rosa	Frutas	52.0	2.0	11.0	0.7	4.1	0.0	223.2	1 pieza	1
Gurrubata cruda	Carnes	41.0	7.3	0.0	1.3	0.0	35.5	0.0	80 g	1
Gusanos de maguey	Carnes	70.0	5.8	0.0	4.8	0.0	0.0	0.0	35 g	1
Haba cocida	Leguminosas	94.0	6.5	16.7	0.3	4.6	106.3	0.0	0.5 taza	1
Haba cruda	Leguminosas	128.0	9.8	21.9	0.6	9.4	157.9	0.0	0.25 taza	1
Halibut cocido	Carnes	38.0	7.2	0.0	0.8	0.0	18.7	0.0	27 g	1
Harina	Cereales	73.0	2.1	15.3	0.2	0.5	0.5	0.0	2.5 cucharada	1
Harina adicionada	Cereales	73.0	2.1	15.3	0.2	0.5	0.5	0.0	2.5 cucharada	1
Harina blanca	Cereales	73.0	2.1	15.3	0.2	0.5	0.5	0.0	2.5 cucharada	1
Harina blanca adicionada	Cereales	73.0	2.1	15.3	0.2	0.5	0.5	0.0	2.5 cucharada	1
Harina blanca refinada	Cereales	73.0	2.1	15.3	0.2	0.5	0.5	0.0	20 g	1
Harina de ajonjolí	Aceites	69.0	4.0	3.5	4.9	0.0	5.6	0.0	13 g	1
Harina de ajonjolí baja en grasa	Aceites	67.0	10.1	7.2	0.4	0.0	7.9	0.0	20 g	1
Harina de Almendras	Aceites	66.0	2.2	2.5	5.7	0.0	0.8	0.0	11 g	1
Harina de amaranto	Cereales	68.0	2.7	11.9	1.0	1.3	0.2	0.0	2 cucharada	1
Harina de arroz	Cereales	72.0	1.4	15.1	0.6	0.9	1.6	0.0	2 cucharada	1
Harina de arroz refinada	Cereales	75.0	1.2	16.3	0.3	0.5	0.0	0.0	2 cucharada	1
Harina de cacahuate	Aceites	65.0	5.1	4.8	3.3	0.0	0.0	0.0	15 g	1
Harina de cacahuate desgrasada	Aceites	66.0	10.6	7.0	0.1	0.0	36.4	0.0	20 g	1
Harina de cebada	Cereales	62.0	2.2	10.9	0.3	2.2	0.4	0.0	2 cucharada	1
Harina de centeno	Cereales	63.0	2.1	13.6	0.3	0.2	0.2	0.0	2 cucharada	1
Harina de centeno integral	Cereales	65.0	2.8	13.8	0.5	4.5	0.2	0.0	2.5 cucharada	1
Harina de frijol	Leguminosas	110.0	7.4	19.4	0.7	1.5	0.0	0.0	3 cucharada	1
Harina de garbanzo	Leguminosas	117.0	6.6	18.7	2.2	1.5	0.0	0.0	3 cucharada	1
Harina de haba	Leguminosas	114.0	9.1	19.1	0.6	0.6	0.0	0.0	3 cucharada	1
Harina de lenteja	Leguminosas	108.0	8.1	18.5	0.5	1.3	80.4	0.0	3 cucharada	1
Harina de maíz	Cereales	65.0	1.7	13.6	0.7	1.7	0.9	0.0	2.5 cucharada	1
Harina de maíz adicionada	Cereales	72.0	2.0	14.7	0.8	1.6	0.0	0.0	2.5 cucharada	1
Harina de maíz nixtamalizada	Cereales	65.0	1.7	13.6	0.7	1.7	0.9	0.0	2.5 cucharada	1
Harina de maíz para atole	Cereales	75.0	1.5	14.8	1.0	0.2	0.0	0.0	2.5 cucharada	1
Harina de maíz para tamales	Cereales	77.0	1.7	15.9	0.8	0.1	0.2	0.0	2.5 cucharada	1
Harina de maíz vitaminada	Cereales	72.0	2.0	14.7	0.8	1.6	0.0	0.0	2.5 cucharada	1
Harina de papa	Cereales	66.0	1.5	15.0	0.1	1.1	6.5	0.0	2 cucharada	1
Harina de soya	Leguminosas	108.0	9.3	7.8	5.1	2.4	116.6	0.0	4 cucharada	1
Harina de soya baja en grasa	Leguminosas	114.0	15.3	9.4	2.7	3.0	181.6	0.0	5 cucharada	1
Harina de soya sin grasa	Leguminosas	101.0	14.0	9.9	1.8	2.7	185.5	0.0	5 cucharada	1
Harina de trigo	Cereales	71.0	2.0	14.9	0.2	0.5	0.5	0.0	2.5 cucharada	1
Harina de trigo adicionada	Cereales	71.0	2.0	14.9	0.2	0.5	0.5	0.0	2.5 cucharada	1
Harina de trigo integral	Cereales	64.0	2.6	13.6	0.3	2.3	0.9	0.0	2.5 cucharada	1
Harina de trigo para panificación	Cereales	62.0	2.1	12.4	0.3	0.4	0.4	0.0	2 cucharada	1
Harina de trigo para pastelería	Cereales	62.0	1.4	13.3	0.1	0.3	0.3	0.0	2.5 cucharada	1
Harina integral	Cereales	64.0	2.6	13.6	0.3	2.3	0.9	0.0	2.5 cucharada	1
Harina integral de trigo	Cereales	64.0	2.6	13.6	0.3	2.3	0.9	0.0	2.5 cucharada	1
Harina integral ele centeno	Cereales	65.0	2.8	13.8	0.5	4.5	0.2	0.0	2.5 cucharada	1
Harina nixtamalizada	Cereales	67.0	1.3	13.8	0.8	1.7	0.2	0.0	10.5 cucharada	1
Harina para brownies	Cereales	60.0	0.7	9.0	2.3	0.0	36.6	0.0	1.5 cucharada	0
Harina para brownies baja en grasas	Cereales	61.0	0.9	12.6	1.2	0.5	56.1	0.0	2 cucharada	0
Harina para hot calces	Cereales	61.0	1.7	13.3	0.2	0.5	243.6	0.0	2 cucharada	1
Harina para repostería	Cereales	60.0	1.7	12.6	0.2	0.1	0.3	0.0	2 cucharada	1
Harina para tamales	Cereales	62.0	1.4	12.7	0.7	0.1	0.1	0.0	2 cucharada	1
Helado con leche	Lacteos	205.0	3.0	15.5	14.6	0.0	0.0	0.0	0.5 taza	1
Helado de café	Lacteos	195.0	3.0	25.5	10.0	0.0	68.8	0.0	0.5 taza	1
Helado de café bajo en calorías	Lacteos	183.0	5.0	27.0	7.0	0.0	68.3	0.0	0.5 taza	1
Helado de choco chip	Lacteos	215.0	4.0	17.5	14.0	0.0	48.0	0.0	0.5 taza	1
Helado de chocolate	Lacteos	214.0	4.0	27.9	11.0	0.0	75.2	0.0	0.75 taza	1
Helado de chocolate bajo en calorias	Lacteos	199.0	5.0	28.7	7.0	0.0	70.3	0.0	0.75 taza	1
Helado de fresa	Lacteos	190.0	3.0	27.3	8.3	0.0	59.4	0.0	0.75 taza	1
Helado de fresa bajo en calorías	Lacteos	200.0	6.0	31.2	5.7	0.0	87.6	0.0	0.6666666666666666 taza	1
Helado de vainilla	Lacteos	199.0	3.0	23.4	10.9	0.0	79.2	0.0	0.75 taza	1
Helado de vainilla bajo en calorías	Lacteos	218.0	6.0	34.1	6.4	0.0	97.7	0.0	1 taza	1
Helado de yogur	Lacteos	201.0	5.0	34.2	5.7	0.0	99.8	0.0	1 taza	1
Helado de yogur de fresa	Lacteos	201.0	5.0	34.2	5.7	0.0	99.8	0.0	1 taza	1
Helado napolitano	Lacteos	205.0	4.0	24.1	11.2	0.0	81.6	0.0	0.75 taza	1
Helado napolitano bajo en calorías	Lacteos	192.0	6.0	31.1	5.2	0.0	82.4	0.0	0.6666666666666666 taza	1
Hierbabuena	Condimentos	4.0	0.2	0.7	0.2	0.0	0.0	0.0	10 g	1
Hierbas de olor	Condimentos	5.0	0.1	1.4	0.2	0.0	2.0	0.0	1 cucharadita	1
Hierbas finas	Condimentos	5.0	0.1	1.4	0.2	0.0	2.0	0.0	1 cucharadita	1
Hierbas molidas	Condimentos	5.0	0.1	1.4	0.0	0.0	2.0	0.0	1 cucharadita	1
Hígado de borrego cocido	Carnes	55.0	7.6	0.6	2.2	0.0	14.0	0.0	25 g	1
Hígado de cerdo cocido	Carnes	50.0	7.8	1.1	1.3	0.0	14.7	0.0	30 g	1
Hígado de ganso	Carnes	63.0	7.7	3.0	2.0	0.0	65.8	0.0	0.5 pieza	1
Hígado de ganso crudo	Carnes	53.0	6.5	2.5	1.7	0.0	56.0	0.0	40 g	1
Hígado de pato crudo	Carnes	54.0	7.5	1.4	1.8	0.0	56.0	0.0	40 g	1
Hígado de pavo	Carnes	59.0	8.4	1.2	2.1	0.0	22.4	0.0	4 cucharada	1
Hígado de pollo cocido	Carnes	50.0	7.3	0.3	2.0	0.0	22.8	0.0	30 g	1
Hígado de pollo crudo	Carnes	48.0	7.2	1.4	1.6	0.0	31.6	0.0	40 g	1
Hígado de res cocido	Carnes	48.0	7.3	1.3	1.3	0.0	19.8	0.0	25 g	1
Hígado de res frito	Carnes	54.0	6.7	2.0	2.0	0.0	26.5	0.0	25 g	1
Higo	Frutas	53.0	0.6	13.8	0.1	2.1	0.0	167.0	2 pieza	1
Higo deshidratado	Frutas	47.0	0.6	11.9	0.2	1.8	0.0	133.1	1 pieza	1
Hinojo	Condimentos	3.0	0.1	0.7	0.0	0.0	5.2	0.0	10 g	1
Hoja de aguacate	Condimentos	1.0	0.1	0.1	0.0	0.0	0.0	0.0	1 pieza	1
Hojaldra	Cereales	115.0	2.0	13.0	6.0	0.7	210.8	0.0	0.3333333333333333 pieza	1
Hojas de chicoria crudas	Verduras	26.0	1.6	4.4	0.3	1.2	0.0	405.2	130 g	1
Hojas de cliente de león	Verduras	24.0	1.2	4.1	0.3	0.8	0.0	178.7	50 g	1
Hojas de laurel	Condimentos	3.0	0.1	0.7	0.1	0.0	0.0	0.0	1 pieza	1
Hojas de pata ele paloma	Verduras	20.0	0.8	4.2	0.4	0.4	0.0	0.0	30 g	1
Hojuelas de arroz	Cereales	55.0	3.2	11.2	0.2	0.5	125.0	0.0	0.5 taza	1
Hojuelas de avena	Cereales	65.0	4.6	17.5	1.9	4.1	0.9	0.0	0.3333333333333333 taza	1
Hojuelas de avena con maple	Cereales	65.0	4.6	17.5	1.9	4.1	0.9	0.0	0.3333333333333333 taza	1
Hojuelas de cereales con fruta seca	Cereales	70.0	1.3	14.0	1.0	1.0	110.0	0.0	0.3333333333333333 taza	1
Hojuelas de papa para puré	Cereales	71.0	1.7	16.2	0.1	1.3	20.8	0.0	20 g	1
Hojuelas de trigo	Cereales	59.0	1.8	14.1	0.3	0.3	180.6	0.0	0.5 taza	1
Hojuelas de trigo con miel	Cereales	62.0	1.6	14.3	0.4	1.9	101.3	0.0	0.5 taza	1
Hojuelas ele cereales con frutas secas	Cereales	70.0	1.3	14.0	1.0	1.0	110.0	0.0	0.3333333333333333 taza	1
Hojuelas ele maíz	Cereales	51.0	1.1	11.4	0.0	0.3	163.4	0.0	0.3333333333333333 taza	1
Hojuelas ele maíz azucaradas	Cereales	52.0	0.7	11.9	0.2	0.2	85.7	0.0	0.3333333333333333 taza	1
Hojuelas ele maíz y trigo con fruta y nueces	Cereales	70.0	1.3	14.0	1.0	1.0	110.0	0.0	0.3333333333333333 taza	1
Hojuelas fortificadas ele trigo entero, almendras, nueces y miel	Cereales	58.0	1.5	11.4	1.3	1.3	75.5	0.0	0.25 taza	1
Hongo portobello crudo	Verduras	21.0	2.0	4.1	0.2	1.2	0.0	394.4	1 pieza	1
Hongo shiitake deshidratado	Verduras	16.0	0.5	4.1	0.1	0.6	0.0	82.8	1.5 pieza	1
Hongos crudos	Verduras	26.0	3.0	4.2	0.4	2.4	0.0	349.7	1.5 taza	1
Hot cake	Cereales	69.0	2.5	9.7	2.3	0.0	164.8	0.0	0.75 pieza	0
Hot cake con mantequilla congelado	Cereales	91.0	4.2	18.0	1.3	0.0	208.3	0.0	1 pieza	0
Hot cake congelado	Cereales	65.0	1.5	12.4	1.0	0.5	144.9	0.0	0.75 g	0
Huachinango cocido	Carnes	36.0	7.4	0.0	0.5	0.0	16.0	0.0	28 g	1
Huachinango crudo	Carnes	36.0	7.3	0.0	0.5	0.0	22.7	0.0	70 g	1
Huachinango crudo fileteado	Carnes	35.0	7.2	0.0	0.5	0.0	22.2	0.0	35 g	1
Huauzontle	Verduras	24.0	1.8	4.8	0.3	1.1	0.0	0.0	0.5 taza	1
Hueva de pescado cocida	Carnes	51.0	7.2	0.5	2.1	0.0	29.3	0.0	25 g	1
Huevo "enriquecido con DHA-Omega 3 y Vitamina E"	Carnes	70.0	6.0	0.7	4.5	0.0	70.0	0.0	1 pieza	1
Huevo agra	Carnes	70.0	6.0	0.7	4.5	0.0	70.0	0.0	1 pieza	1
Huevo batido o revuelto cocido	Carnes	69.0	4.6	0.9	5.0	0.0	115.1	0.0	3 cucharada	1
Huevo blanco cocido	Carnes	68.0	5.5	0.5	4.7	0.0	54.6	0.0	1 pieza	1
Huevo cíe iguana	Carnes	37.0	7.2	0.0	0.6	0.0	0.0	0.0	65 g	0
Huevo cocido	Carnes	68.0	5.5	0.5	4.7	0.0	54.6	0.0	1 pieza	1
Huevo congelado sin colesterol	Carnes	96.0	6.8	1.9	6.7	0.0	120.0	0.0	4 cucharada	1
Huevo de codorniz fresco	Carnes	78.0	6.5	0.2	5.5	0.0	70.0	0.0	6 pieza	1
Huevo de gansa	Carnes	116.0	8.7	0.8	8.3	0.0	86.6	0.0	0.5 pieza	1
Huevo de pato	Carnes	85.0	5.9	0.7	6.4	0.0	67.3	0.0	0.75 pieza	1
Huevo de pavo	Carnes	59.0	4.8	0.4	4.1	0.0	52.5	0.0	0.5 pieza	1
Huevo de tortuga	Carnes	51.0	5.6	0.4	2.8	0.0	0.0	0.0	50 g	1
Huevo deshidratado	Carnes	56.0	6.9	2.7	1.6	0.0	100.0	0.0	10.5 cucharada	1
Huevo en polvo	Carnes	56.0	6.9	2.7	1.6	0.0	100.0	0.0	2.5 cucharada	1
Huevo entero cocido	Carnes	68.0	5.5	0.5	4.7	0.0	54.6	0.0	1 pieza	1
Huevo entero fresco	Carnes	63.0	5.5	0.3	4.4	0.0	61.6	0.0	1 pieza	1
Huevo estrellado	Carnes	90.0	6.3	0.4	7.0	0.0	93.8	0.0	1 pieza	1
Huevo fresco	Carnes	63.0	5.5	0.3	4.4	0.0	61.6	0.0	1 pieza	1
Huevo frito	Carnes	90.0	6.3	0.4	7.0	0.0	93.8	0.0	1 pieza	1
Huevo pochado	Carnes	71.0	6.3	0.4	5.0	0.0	147.0	0.0	1 pieza	1
Huevo revuelto	Carnes	100.0	6.7	1.3	7.3	0.0	168.0	0.0	60 g	1
Huevo rojo cocido	Carnes	68.0	5.5	0.5	4.7	0.0	54.6	0.0	1 pieza	1
Huitlacoche cocido	Verduras	20.0	0.8	4.1	0.1	1.2	0.0	107.5	0.3333333333333333 taza	1
Ibes frescos	Verduras	22.0	1.7	3.6	0.0	0.5	0.0	107.3	30 g	1
Ibes o haba de lima cocido	Leguminosas	105.0	5.8	20.1	0.3	4.5	110.5	0.0	0.5 taza	1
Ibes o haba de lima crudo	Leguminosas	102.0	6.2	18.2	0.8	4.4	122.4	0.0	90 g	1
Iguana	Carnes	35.0	7.3	0.0	0.3	0.0	0.0	0.0	100 g	0
Isabelita	Carnes	30.0	7.4	0.0	0.1	0.0	0.0	0.0	70 g	1
Jaiba cocida desmenuzada	Carnes	39.0	8.1	0.0	0.6	0.0	19.1	0.0	0.3333333333333333 taza	1
Jaiba cocida entera	Carnes	34.0	7.0	0.0	0.5	0.0	16.6	0.0	75 g	1
Jaiba cruda	Carnes	39.0	7.0	0.4	1.0	0.0	40.0	0.0	40 g	1
Jalea	Azucares	42.0	0.0	10.7	0.0	0.0	3.3	0.0	2 cucharadita	1
Jamaica	Condimentos	1.0	0.0	0.2	0.0	0.0	0.1	0.0	1 taza	1
Jamón ahumado	Carnes	42.0	7.0	0.0	1.6	0.0	510.0	0.0	2 rebanada delgada	1
Jamón americano	Carnes	44.0	6.8	0.8	1.5	0.0	521.6	0.0	2 rebanada delgada	1
Jamón bajo en grasa	Carnes	56.0	8.1	0.5	2.1	0.0	600.0	0.0	2 rebanada	1
Jamón bajo en sodio	Carnes	39.0	5.9	0.9	1.4	0.0	300.6	0.0	2 rebanada delgada	1
Jamón cocido	Carnes	44.0	7.0	0.5	1.5	0.0	566.0	0.0	2 rebanada delgada	1
Jamón de pavo	Carnes	54.0	8.0	0.1	2.1	0.0	418.5	0.0	2 rebanada	1
Jamón de pierna	Carnes	56.0	8.1	0.5	2.1	0.0	600.0	0.0	2 rebanada	1
Jamón del diablo	Carnes	100.0	6.2	0.0	8.6	0.0	333.3	0.0	3.5 cucharada	1
Jamón horneado	Carnes	44.0	6.8	0.8	1.5	0.0	521.6	0.0	2 rebanada delgada	1
Jamón Virginia	Carnes	44.0	7.0	0.5	1.5	0.0	566.0	0.0	2 rebanada delgada	1
Jarabe de chocolate	Azucares	49.0	0.4	11.4	0.2	0.0	12.7	0.0	1 cucharada	1
Jarabe de coco	Azucares	83.0	0.4	6.5	3.9	0.0	0.0	0.0	5 cucharada	1
Jarabe de sabor para preparar agua	Azucares	41.0	0.0	11.2	0.1	0.0	0.0	0.0	1 cucharada	1
Jengibre	Condimentos	4.0	0.1	0.9	0.1	0.0	0.8	0.0	3 cucharadita	1
Jengibre fresco	Condimentos	4.0	0.1	0.9	0.1	0.0	0.8	0.0	1 cucharada	1
Jengibre molido	Condimentos	7.0	0.2	1.4	0.1	0.0	1.0	0.0	1 cucharadita	1
Jengibre rallado	Condimentos	1.0	0.0	0.3	0.0	0.0	0.3	0.0	1 cucharadita	1
Jícama picada	Verduras	23.0	0.4	5.3	0.1	2.9	0.0	90.0	0.5 taza	1
Jinicuil	Frutas	73.0	6.0	13.5	0.5	0.5	0.0	0.0	250 g	0
Jitomate	Verduras	20.0	1.0	4.4	0.2	1.4	0.0	267.3	120 g	1
Jitomate bola	Verduras	19.0	1.0	4.2	0.2	1.3	0.0	256.5	1 pieza	1
Jitomate cereza	Verduras	17.0	0.8	3.7	0.2	1.1	0.0	225.2	4 pieza	1
Jitomate deshidratado	Verduras	23.0	1.5	4.3	0.5	2.0	0.0	0.0	5 pieza	1
Jitomate guaje o saladet	Verduras	22.0	1.1	4.8	0.2	1.5	0.0	292.7	2 pieza	1
Jitomate verde	Verduras	21.0	1.1	4.7	0.2	1.1	0.0	188.3	0.75 pieza	1
Jitomatillo (miltomate)	Verduras	21.0	0.9	4.3	0.1	0.9	0.0	124.6	70 g	1
Jocoque	Lacteos	113.0	9.4	12.6	2.9	0.0	126.0	0.0	0.75 taza	1
Jocoque ligero	Lacteos	113.0	9.4	12.6	2.9	0.0	126.0	0.0	0.75 taza	1
Jocoque seco	Lacteos	113.0	9.4	12.6	2.9	0.0	126.0	0.0	0.75 taza	1
Jorobado, lamparosa	Carnes	34.0	7.4	0.0	0.5	0.0	0.0	0.0	70 g	1
Jugo de almeja	Carnes	35.0	7.0	1.4	0.3	0.0	3612.0	0.0	7 taza	1
Jugo de caña de azúcar	Azucares	50.0	0.2	12.3	0.1	0.0	0.0	0.0	0.25 taza	1
Jugo de ciruela pasa	Azucares	45.0	0.4	11.2	0.0	0.0	2.6	0.0	0.25 taza	1
Jugo de cítricos preparado con agua	Azucares	37.0	0.2	9.2	0.0	0.0	3.2	0.0	0.3333333333333333 taza	1
Jugo de fruta concentrado	Azucares	45.0	0.8	10.1	0.3	0.0	1.0	0.0	20 g	1
Jugo de frutas	Azucares	40.0	0.0	10.0	0.0	0.0	53.3	0.0	0.3333333333333333 taza	1
Jugo de limón	Frutas	45.0	0.7	15.6	0.0	0.7	0.0	223.5	0.75 taza	1
Jugo de mandarina natural	Frutas	46.0	0.8	11.3	0.0	1.4	0.0	0.0	0.5 taza	1
Jugo de mango	Frutas	61.0	0.1	15.7	0.1	0.4	0.0	0.0	0.5 taza	1
Jugo de naranja natural	Frutas	54.0	0.8	12.5	0.2	0.2	0.0	240.0	0.5 taza	1
Jugo de papaya	Frutas	45.0	0.1	11.5	0.1	0.5	0.0	0.0	0.3333333333333333 taza	1
Jugo de tomate	Verduras	21.0	0.9	5.1	0.1	0.5	0.0	278.2	0.5 taza	1
Jugo de toronja natural	Frutas	47.0	0.6	11.0	0.1	0.1	0.0	194.3	0.5 taza	1
Jugo de verduras	Verduras	23.0	0.8	5.5	0.1	1.0	0.0	233.5	0.5 taza	1
Jugo de zanahoria	Verduras	24.0	0.6	5.5	0.1	0.5	0.0	172.2	0.25 taza	1
Jugo de zanahoria, manzana y 3 frutas cítricas	Azucares	39.0	0.0	9.7	0.0	0.0	6.4	0.0	0.3333333333333333 taza	1
Jugo ele mamey	Frutas	52.0	0.6	12.5	0.1	0.2	0.0	0.0	0.3333333333333333 taza	1
Jumiles	Carnes	89.0	6.4	0.0	6.8	0.0	0.0	0.0	20 g	1
Kiwi	Frutas	69.0	1.2	16.6	0.6	3.4	0.0	376.4	1.5 pieza	1
Koll-Aid en polvo sin azúcar	Condimentos	5.0	0.0	0.0	0.0	0.0	2.0	0.0	1 sobre	1
Lacteo Fermentado sabor ciruela pasa (bebible)	Lacteos	211.0	6.0	31.7	6.8	0.0	0.0	0.0	1 pieza	1
Lacteo Fermentado sabor fresa (bebible)	Lacteos	211.0	6.0	32.0	6.8	0.0	0.0	0.0	1 pieza	1
Lacteo Fermentado sabor manzana (bebible)	Lacteos	201.0	10.0	39.0	0.5	0.0	121.5	0.0	2  1/2 pieza	1
Lacteo fermentado sabor natural (bebible)	Lacteos	202.0	11.0	38.8	0.5	0.0	129.6	0.0	2  1/2 pieza	1
Langosta	Carnes	36.0	7.5	0.2	0.4	0.0	118.6	0.0	100 g	0
Langosta cocida	Carnes	34.0	7.2	0.5	0.2	0.0	133.0	0.0	35 g	0
Langostino	Carnes	34.0	7.2	0.0	0.6	0.0	181.2	0.0	110 g	1
Lardo	Aceites	45.0	0.0	0.0	5.0	0.0	0.0	0.0	5 g	1
Lasagna cruda	Cereales	68.0	1.9	14.6	0.1	0.4	0.4	0.0	20 g	1
Lasagna integral cruda	Cereales	68.0	1.9	14.6	0.1	0.9	0.4	0.0	20 g	1
Lasaña cruda	Cereales	68.0	1.9	14.6	0.1	0.4	0.4	0.0	20 taza	1
Laurel	Condimentos	6.0	0.2	1.4	0.2	0.0	0.0	0.0	2 hoja	1
Laurel fresco	Condimentos	6.0	0.2	1.4	0.2	0.0	0.0	0.0	2 hoja	1
Laurel troceado	Condimentos	6.0	0.2	1.4	0.2	0.0	0.0	0.0	2 cucharadita	1
Leche	Lacteos	148.0	7.9	11.2	8.0	0.0	118.0	0.0	1 taza	1
Leche Alpura Light Extra	Lacteos	103.0	8.0	14.0	2.4	0.0	134.4	0.0	1 taza	1
Leche caliente	Lacteos	148.0	7.9	11.2	8.0	0.0	118.0	0.0	1 taza	1
Leche clavel	Lacteos	150.0	7.5	11.3	7.5	0.0	112.5	0.0	0.5 taza	1
Leche condensada	Azucares	36.0	0.9	6.1	1.0	0.0	14.2	0.0	2 cucharadita	1
Leche condensada light	Azucares	45.0	1.4	9.6	0.1	0.0	16.8	0.0	1 cucharada	1
Leche con chocolate	Lacteos	200.0	8.0	24.9	8.2	0.0	143.0	0.0	1 taza	1
Leche con chocolate semidescremada 1%	Lacteos	182.0	7.0	29.1	4.6	0.0	158.4	0.0	1 taza	1
Leche con vainilla	Lacteos	207.0	6.0	31.0	6.6	0.0	120.1	0.0	1 taza	1
Leche cruda	Lacteos	146.0	7.9	11.3	7.9	0.0	117.6	0.0	1 taza	1
Leche de burra	Lacteos	126.0	4.7	14.5	5.7	0.0	0.0	0.0	1 taza	1
Leche de cabra	Lacteos	165.0	8.6	10.7	9.9	0.0	120.0	0.0	1 taza	0
Leche de soya	Lacteos	79.0	6.6	4.3	4.6	0.0	29.0	0.0	1 taza	1
Leche de vaca	Lacteos	148.0	7.9	11.2	8.0	0.0	118.0	0.0	1 taza	1
Leche descremada	Lacteos	86.0	8.4	11.9	0.4	0.0	126.0	0.0	1 taza	1
Leche descremada con chocolate	Lacteos	77.0	5.8	12.5	1.0	0.0	115.2	0.0	1 taza	1
Leche descremada en polvo	Lacteos	109.0	10.8	15.6	0.2	0.0	161.0	0.0	4 cucharada	1
Leche descremada en polvo, reducida en Ca	Lacteos	107.0	10.8	15.8	0.1	0.0	692.1	0.0	4 cucharada	1
Leche en polvo	Lacteos	159.0	8.4	12.3	8.5	0.0	119.0	0.0	4 cucharada	1
Leche en polvo descremada	Lacteos	109.0	10.8	15.6	0.2	0.0	161.0	0.0	4 cucharada	1
Leche en polvo sabor chocolate con malbavisco	Azucares	56.0	0.6	12.6	0.3	0.0	19.0	0.0	2 cucharada	1
Leche en polvo sabor fresa	Lacteos	187.0	13.0	32.0	0.0	0.0	400.0	0.0	8 cucharada	1
Leche en polvo sabor fudge de chocolate	Azucares	56.0	0.6	12.6	0.3	0.0	19.0	0.0	2 cucharada	1
Leche entera	Lacteos	148.0	7.9	11.2	8.0	0.0	118.0	0.0	1 taza	1
Leche entera baja en sodio	Lacteos	147.0	7.5	10.7	8.3	0.0	5.9	0.0	1 taza	1
Leche entera en polvo	Lacteos	159.0	8.4	12.3	8.5	0.0	119.0	0.0	4 cucharada	1
Leche entera en polvo adicionada	Lacteos	159.0	8.4	12.3	8.5	0.0	119.0	0.0	4 cucharada	1
Leche entera evaporada	Lacteos	150.0	7.5	11.3	7.5	0.0	112.5	0.0	0.5 taza	1
Leche entera ultrapasteurizada	Lacteos	134.0	7.0	11.3	7.0	0.0	168.0	0.0	1 taza	1
Leche evaporada	Lacteos	150.0	7.5	11.3	7.5	0.0	112.5	0.0	0.5 taza	1
Leche evaporada descremada	Lacteos	94.0	9.0	13.5	0.4	0.0	138.8	0.0	0.5 taza	1
Leche evaporada semidescremada	Lacteos	94.0	7.5	11.3	1.9	0.0	131.3	0.0	0.5 taza	1
Leche fácil digestión	Lacteos	109.0	7.5	11.2	3.9	0.0	120.0	0.0	1 taza	1
Leche fermentada con lactobacilo	Lacteos	180.0	8.0	35.8	4.0	0.0	100.0	0.0	2.5 pieza	1
Leche fermentada con lactobacilo sabor naranja	Lacteos	185.0	7.0	40.0	3.8	0.0	100.0	0.0	2  1/2 pieza	1
Leche fermentada con lactobacilo sabor natural	Lacteos	208.0	7.0	35.8	4.0	0.0	100.0	0.0	2.5 pieza	1
Leche fermentada con lactobacilo sabor vainilla	Lacteos	205.0	6.0	37.3	3.5	0.0	93.2	0.0	2.33333333333333 pieza	1
Leche fría	Lacteos	148.0	7.9	11.2	8.0	0.0	118.0	0.0	1 taza	1
Leche hervida	Lacteos	163.0	8.2	12.5	9.1	0.0	117.6	0.0	1 taza	1
Leche humana	Lacteos	170.0	2.3	16.3	10.8	0.0	38.7	0.0	1 taza	1
Leche Lactium MX	Lacteos	109.0	7.2	11.0	4.0	0.0	100.0	0.0	1 taza	1
Leche Liconsa Te Nutre	Lacteos	159.0	8.4	12.3	8.5	0.0	119.0	0.0	4 cucharada	1
Leche Light Extra	Lacteos	103.0	8.0	14.0	2.4	0.0	134.4	0.0	1 taza	1
Leche malteada de chocolate	Lacteos	202.0	8.0	26.2	7.8	0.0	208.8	0.0	1 taza	1
Leche malteada sabor chocolate	Lacteos	214.0	5.0	38.1	4.9	0.0	199.8	0.0	0.75 pieza	1
Leche malteada sabor fresa	Lacteos	204.0	7.0	32.4	5.5	0.0	173.3	0.0	0.75 pieza	1
Leche malteada sabor vainilla	Lacteos	202.0	7.0	32.0	5.5	0.0	171.0	0.0	0.75 pieza	1
Leche materna	Lacteos	170.0	2.3	16.3	10.8	0.0	38.7	0.0	1 taza	1
Leche maternizada en polvo	Lacteos	132.0	3.5	14.3	7.0	0.0	0.0	0.0	2 cucharada	1
Leche omega verde	Lacteos	120.0	7.9	11.5	4.6	0.0	120.0	0.0	1 taza	1
Leche pasteurizada	Lacteos	146.0	7.9	11.3	7.9	0.0	117.6	0.0	1 taza	1
Leche preparada	Lacteos	141.0	6.5	8.5	5.9	0.0	118.0	0.0	1 taza	1
Leche semidescremada	Lacteos	116.0	7.7	11.2	4.4	0.0	116.4	0.0	1 taza	1
Leche semidescremada 1%	Lacteos	102.0	8.0	11.7	2.6	0.0	123.0	0.0	1 taza	1
Leche semidescremada 2%	Lacteos	116.0	7.8	11.2	4.5	0.0	117.1	0.0	1 taza	1
Leche semidescremada sabor chocolate	Lacteos	182.0	7.0	29.1	4.6	0.0	158.4	0.0	1 pieza	1
Lechuga	Verduras	23.0	1.7	4.5	0.4	2.8	0.0	334.3	3 taza	1
Lengua de cerdo cocida	Carnes	81.0	7.2	0.0	5.6	0.0	32.7	0.0	30 g	1
Lengua de res cocida	Carnes	100.0	6.8	0.0	7.8	0.0	22.8	0.0	45 g	1
Lengua de vaca	Verduras	27.0	2.0	3.2	0.7	0.8	0.0	386.1	110 g	1
Lenguado	Carnes	34.0	7.5	0.0	0.5	0.0	35.1	0.0	90 g	0
Lenguado fileteado	Carnes	34.0	7.5	0.0	0.5	0.0	35.1	0.0	45 g	0
Lenteja cocida	Leguminosas	115.0	9.0	20.0	0.4	7.8	178.0	0.0	0.5 taza	1
Lenteja cruda	Leguminosas	124.0	9.0	21.0	0.4	10.7	157.9	0.0	35 g	1
Lenteja germinada cocida	Verduras	19.0	1.7	4.1	0.1	0.0	0.0	54.7	0.25 taza	1
Levadura comprimida	Condimentos	9.0	0.7	1.6	0.2	0.0	2.5	0.0	0.5 sobre	1
Levadura en polvo	Condimentos	5.0	0.7	0.7	0.1	0.0	1.0	0.0	0.25 sobre	1
Levadura fresca	Condimentos	5.0	0.9	0.9	0.0	0.0	2.1	0.0	2 g	1
Levadura seca	Condimentos	11.0	1.4	1.4	0.2	0.0	2.0	0.0	0.5 sobre	1
Lichis	Frutas	59.0	0.7	14.9	0.3	1.2	0.0	0.0	12 pieza	1
Licor 1ndnd° proof	Bebidas	148.0	0.0	2.0	0.0	0.0	0.0	0.0	50 ml	1
Licor 8nd° proof	Bebidas	139.0	0.0	2.0	0.0	0.0	0.0	0.0	60 ml	1
Licor 86° proof	Bebidas	138.0	0.0	2.0	0.0	0.0	0.0	0.0	55 ml	1
Licor 9nd° proof	Bebidas	145.0	0.0	2.0	0.0	0.0	0.0	0.0	55 ml	1
Licor 94° proof	Bebidas	138.0	0.0	2.0	0.0	0.0	0.0	0.0	50 ml	1
Licor de Almendras	Bebidas	134.0	0.0	21.0	0.0	0.0	0.0	0.0	60 ml	1
Licor de café	Bebidas	147.0	0.0	21.0	0.0	0.0	0.0	0.0	45 ml	1
Licor de café con crema	Bebidas	147.0	0.0	9.0	0.0	0.0	0.0	0.0	45 ml	1
Licor de café con whiskey	Bebidas	147.0	0.0	9.0	0.0	0.0	0.0	0.0	45 ml	1
Licor de naranja	Bebidas	146.0	0.0	23.0	0.0	0.0	0.0	0.0	65 ml	1
Liebre	Carnes	44.0	6.8	0.0	1.6	0.0	14.0	0.0	50 g	0
Lima	Frutas	44.0	1.0	15.5	0.3	4.1	0.0	203.3	3 pieza	1
Limón	Condimentos	10.0	0.3	3.6	0.1	0.0	0.5	0.0	0.5 pieza	1
Limón agrio	Condimentos	2.0	0.1	0.9	0.0	0.0	0.3	0.0	0.5 pieza	1
Limón real	Frutas	31.0	1.8	16.4	0.5	7.2	0.0	0.0	4 pieza	1
Limón sin semilla	Condimentos	2.0	0.1	1.2	0.0	0.0	0.3	0.0	0.5 pieza	1
Lisa, churra, cabezuda	Carnes	40.0	7.0	0.0	1.3	0.0	28.9	0.0	70 g	1
Lomo canadiense	Carnes	45.0	8.0	0.1	1.4	0.0	604.6	0.0	3 rebanada	1
Lomo de cerdo	Carnes	56.0	7.9	0.0	2.5	0.0	32.8	0.0	40 g	1
Lomo de cerdo en trozos	Carnes	56.0	7.9	0.0	2.5	0.0	32.8	0.0	40 g	1
Lomo de venado	Carnes	42.0	7.3	0.0	1.2	0.0	32.8	0.0	40 g	0
Longaniza de primera	Carnes	78.0	7.3	0.0	5.2	0.0	0.0	0.0	45 g	1
Lunetas	Azucares	79.0	0.7	11.4	3.4	0.0	9.7	0.0	0.3333333333333333 paquete (50)	1
Mandarina	Frutas	68.0	1.0	17.0	0.4	2.3	0.0	227.5	2 pieza	1
Mandarina reyna	Frutas	75.0	1.2	18.9	0.4	2.6	0.0	252.8	1 pieza	1
Macarela cocida	Carnes	76.0	6.9	0.0	5.2	0.0	24.1	0.0	0.3333333333333333 filete	0
Macarela fresca	Carnes	76.0	6.9	0.0	5.1	0.0	33.5	0.0	0.3333333333333333 filete	0
Macarrón cocido	Cereales	66.0	2.2	13.2	0.3	0.6	0.3	0.0	0.3333333333333333 9	1
Macarrón con queso	Cereales	108.0	1.6	10.1	5.6	0.0	271.5	0.0	0.25 taza	1
Macarrón crudo	Cereales	68.0	1.9	14.6	0.1	0.4	0.4	0.0	20 taza	1
Macarrón integral cocido	Cereales	58.0	2.5	12.4	0.3	1.3	1.3	0.0	0.3333333333333333 cucharada	1
Machaca	Carnes	44.0	6.0	0.0	1.2	0.0	0.0	0.0	0.3333333333333333 sobre	1
Machacado de res	Carnes	50.0	6.7	0.0	1.3	0.0	283.8	0.0	15 g	1
Maciza de carnero	Carnes	54.0	7.6	0.0	2.4	0.0	30.0	0.0	50 g	0
Maciza de cerdo	Carnes	92.0	5.9	0.0	7.4	0.0	19.6	0.0	35 g	1
Maciza de puerco	Carnes	92.0	5.9	0.0	7.4	0.0	19.6	0.0	35 g	1
Maciza de res	Carnes	50.0	6.7	0.0	1.3	0.0	283.8	0.0	15 g	1
Maciza de res en trozo	Carnes	49.0	7.3	0.0	2.2	0.0	22.1	0.0	35 g	1
Maciza de ternera	Carnes	55.0	6.9	0.0	2.8	0.0	31.5	0.0	35 g	1
Madalena	Cereales	92.0	1.5	8.9	4.2	0.0	85.0	0.0	0.75 pieza	1
Maicena	Cereales	60.0	0.0	14.4	0.0	0.0	0.0	0.0	2 cucharada	1
Maicena de sabor	Cereales	60.0	0.0	14.4	0.0	0.0	0.0	0.0	2 9	1
Maíz	Cereales	67.0	2.2	13.0	0.9	2.2	0.2	0.0	20 g	1
Maíz amarillo	Cereales	67.0	2.2	13.0	0.9	2.2	0.2	0.0	20 g	1
Maíz amarillo cocido	Cereales	67.0	2.2	13.0	0.9	2.2	0.2	0.0	20 g	1
Maíz azul	Cereales	67.0	1.5	13.7	0.8	2.2	0.2	0.0	20 g	1
Maíz blanco	Cereales	67.0	2.2	13.0	0.9	2.2	0.2	0.0	20 g	1
Maíz blanco cocido	Cereales	68.0	2.2	13.3	0.9	2.3	0.2	0.0	25 g	1
Maíz cacahuazintle	Cereales	67.0	2.2	13.0	0.9	2.2	0.2	0.0	20 g	1
Maíz cacahuiacintle	Cereales	67.0	2.2	13.0	0.9	2.2	0.2	0.0	20 g	1
Maíz palomero	Cereales	73.0	2.4	14.2	0.9	2.4	0.2	0.0	20 g	1
Maíz palomero con ajo y hierbas homo de microondas	Cereales	117.0	3.5	10.9	8.7	2.6	332.7	0.0	3 taza	1
Maíz palomero con mantequilla horno de microondas	Cereales	115.0	3.2	25.4	2.6	6.1	383.8	0.0	2.5 taza	1
Maíz pozolera	Cereales	58.0	1.8	13.6	0.7	1.5	9.2	0.0	0.3333333333333333 cucharada	1
Maizena	Cereales	60.0	0.0	14.4	0.0	0.0	0.0	0.0	2 cucharada	1
Malanga	Cereales	68.0	2.2	15.0	0.1	0.3	0.0	0.0	81 g	1
Malteada de chocolate	Lacteos	198.0	5.0	32.0	5.8	0.0	151.3	0.0	0.6666666666666666 taza	1
Malteada de fresa	Lacteos	203.0	6.0	34.0	5.0	0.0	149.4	0.0	0.75 pieza	1
Malteada de vainilla	Lacteos	192.0	4.0	25.4	8.4	0.0	105.0	0.0	0.5 pieza	1
Malva	Verduras	34.0	4.1	3.3	0.5	0.8	0.0	0.0	100 g	1
Malvavisco	Azucares	45.0	0.3	11.4	0.0	0.0	11.2	0.0	2 pieza	1
Malvavisco con chocolate	Azucares	59.0	0.6	9.5	2.4	0.0	23.5	0.0	0.5 pieza	1
Malvavisco miniatura	Azucares	40.0	0.2	10.2	0.0	0.0	10.1	0.0	18 pieza	1
Mamey	Frutas	58.0	1.4	13.7	0.5	3.8	0.0	0.0	0.3333333333333333 pieza	1
Manche agrio	Frutas	66.0	1.3	13.9	1.6	2.4	0.0	0.0	45 pieza	1
Mango ataulfo	Frutas	40.0	0.3	10.5	0.2	1.1	0.0	96.3	0.5 pieza	1
Mango criollo	Frutas	57.0	1.3	14.6	0.0	1.8	0.0	306.2	1.5 pieza	1
Mango en almíbar enlatado	Frutas	56.0	0.3	15.0	0.1	0.1	0.0	0.0	1 pieza	1
Mango manila	Frutas	62.0	1.2	16.1	0.0	1.6	0.0	273.9	1 pieza	1
Mango petacón	Frutas	72.0	0.6	12.9	0.3	1.2	0.0	171.6	0.5 pieza	1
Mango picado	Frutas	58.0	1.3	14.9	0.0	1.8	0.0	257.4	1 taza	1
Manteca de cerdo	Aceites	39.0	0.0	0.0	4.3	0.0	0.0	0.0	1 cucharadita	1
Manteca vegetal	Aceites	38.0	0.0	0.0	4.3	0.0	0.0	0.0	1 cucharadita	1
Mantequilla	Aceites	47.0	0.1	0.0	5.3	0.0	0.6	0.0	1.5 cucharaditas	1
Mantequilla con sal	Aceites	47.0	0.1	0.0	5.3	0.0	53.6	0.0	1.5 cucharaditas	1
Mantequilla de cacahuate	Aceites	63.0	2.6	2.3	5.3	0.0	52.0	0.0	2 cucharadita	1
Mantequilla derretida	Aceites	36.0	0.0	0.0	4.1	0.0	0.5	0.0	1 cucharadita	1
Mantequilla sin sal	Aceites	47.0	0.1	0.0	5.3	0.0	0.6	0.0	1.5 cucharaditas	1
Manzana	Frutas	55.0	0.3	14.7	0.2	2.6	0.0	122.4	1 pieza	1
Manzana al vapor	Frutas	44.0	0.2	11.7	0.1	2.1	0.0	75.0	0.5 taza	1
Manzana amarilla	Frutas	65.0	0.3	16.5	0.3	2.1	0.0	113.1	1 pieza	1
Manzana cocida	Frutas	44.0	0.2	11.7	0.1	2.1	0.0	75.0	0.5 taza	1
Manzana deshidratada	Frutas	55.0	0.2	15.0	0.1	2.0	0.0	102.4	9 orejones	1
Manzana en almíbar	Frutas	54.0	0.0	15.7	0.0	2.1	0.0	16.2	1 pieza	1
Manzana en almíbar enlatada	Frutas	54.0	0.0	15.7	0.0	2.1	0.0	16.2	1 pieza	1
Manzana goiden	Frutas	65.0	0.3	16.5	0.3	2.1	0.0	113.1	1 pieza	1
Manzana granny	Frutas	42.0	0.2	10.8	0.3	1.9	0.0	82.1	0.5 pieza	1
Manzana picada	Frutas	44.0	0.2	11.4	0.3	2.0	0.0	86.4	0.5 taza	1
Manzana roja	Frutas	63.0	0.2	16.3	0.4	2.9	0.0	123.1	0.75 pieza	1
Manzana sin cáscara	Frutas	73.0	0.2	19.0	0.4	1.7	0.0	145.0	1 pieza	1
Manzana verde	Frutas	42.0	0.2	10.8	0.3	1.9	0.0	82.1	0.5 pieza	1
Manzana Washington	Frutas	42.0	0.2	10.8	0.3	1.9	0.0	82.1	0.5 pieza	1
Manzanilla fresca	Condimentos	4.0	0.2	0.7	0.2	0.0	0.0	0.0	10 g	1
Manzanilla seca	Condimentos	0.0	0.0	0.0	0.0	0.0	0.0	0.0	1 bolsa	1
Maracuyá	Frutas	51.0	1.2	12.3	0.4	5.5	0.0	183.8	3 pieza	1
Maracuyá rebanado	Frutas	66.0	1.5	16.0	0.5	7.1	0.0	239.8	0.5 taza	1
Marañón fresco	Frutas	62.0	1.5	14.4	0.5	4.6	0.0	0.0	190 g	1
Margarina	Aceites	39.0	0.0	0.0	4.3	0.0	0.0	0.0	1 cucharadita	1
Margarina baja en grasa	Aceites	42.0	0.0	0.0	5.0	0.0	108.3	0.0	2.5 cucharaditas	1
Margarina con sal	Aceites	47.0	0.1	0.1	5.2	0.0	61.2	0.0	1.5 cucharaditas	1
Margarina sin sal	Aceites	39.0	0.0	0.0	4.3	0.0	0.0	0.0	1 cucharadita	1
Masa de maíz	Cereales	69.0	1.6	14.3	0.9	1.5	0.0	0.0	45 g	1
Masa de maíz amarillo	Cereales	74.0	1.7	15.0	0.9	1.3	0.0	0.0	39 g	1
Masa de maíz blanco	Cereales	69.0	1.6	14.3	0.9	1.5	0.0	0.0	45 g	1
Masa para tortillas	Cereales	69.0	1.6	14.3	0.9	1.5	0.0	0.0	45 g	1
Masa Yucatán	Cereales	69.0	1.8	14.6	0.5	1.4	0.0	0.0	40 g	1
Mayonesa	Aceites	34.0	0.1	0.2	3.6	0.0	27.8	0.0	1 cucharadita	1
Mayonesa baja en grasa	Azucares	93.0	0.0	9.5	1.9	0.0	149.0	0.0	2 cucharada	1
Mayonesa light	Azucares	93.0	0.0	9.5	1.9	0.0	149.0	0.0	2 cucharada	1
Medallón de filete	Carnes	36.0	7.2	0.0	0.8	0.0	18.0	0.0	0.25 pieza	1
Medallón de filete de res	Carnes	40.0	8.0	0.0	0.8	0.0	20.0	0.0	0.3333333333333333 pieza	1
Media crema	Aceites	40.0	0.8	1.2	3.4	0.0	12.0	0.0	2 cucharada	1
Media noche	Cereales	55.0	2.0	10.5	1.0	0.5	105.0	0.0	0.5 pieza	1
Media noche con ajonjolí	Cereales	55.0	2.0	10.5	1.0	0.5	105.0	0.0	0.5 taza	1
Mejillones sin concha cocidos	Carnes	43.0	5.9	1.9	1.1	0.0	92.4	0.0	25 g	0
Mejillones sin concha crudos	Carnes	43.0	5.9	1.8	1.1	0.0	141.6	0.0	0.3333333333333333 taza	0
Mejorana	Condimentos	3.0	0.1	0.6	0.1	0.0	1.0	0.0	1 cucharadita	1
Melaza	Azucares	36.0	0.0	8.9	0.0	0.0	6.1	0.0	2.5 cucharadita	1
Melón	Frutas	61.0	1.5	14.6	0.3	1.6	0.0	553.4	0.3333333333333333 pieza	1
Melón cantaloupe	Frutas	61.0	1.5	14.6	0.3	1.6	0.0	553.4	0.3333333333333333 pieza	1
Melón chino	Frutas	52.0	0.8	13.1	0.2	1.2	0.0	446.1	0.25 pieza	1
Melón picado	Frutas	54.0	1.3	13.1	0.3	1.4	0.0	494.4	1 taza	1
Melón valenciano	Frutas	61.0	1.5	14.6	0.3	1.6	0.0	553.4	0.3333333333333333 pieza	1
Melón valenciano picado	Frutas	54.0	1.3	13.1	0.3	1.4	0.0	494.4	1 taza	1
Melón verde picado	Frutas	58.0	0.9	14.5	0.2	1.3	0.0	494.0	1 taza	1
Membrillo	Frutas	56.0	0.4	15.0	0.1	1.7	0.0	192.7	1 pieza	1
Menta	Condimentos	5.0	0.0	0.5	0.0	0.0	5.0	0.0	1 cucharadita	1
Menta cubierta con chocolate	Azucares	55.0	0.2	10.9	1.5	0.0	24.5	0.0	5.5 pieza	1
Menta fresca	Condimentos	1.0	0.1	0.2	0.0	0.0	0.0	0.0	1 cucharadita	1
Menta molida	Condimentos	6.0	0.2	1.2	0.2	0.0	2.0	0.0	1 cucharadita	1
Mentas de caramelo	Azucares	41.0	0.0	10.2	0.0	0.0	0.0	0.0	6 pieza	1
Menudencias de pavo	Carnes	42.0	6.7	0.5	1.3	0.0	14.8	0.0	25 g	1
Menudencias de pollo cocidas	Carnes	40.0	6.8	0.1	1.1	0.0	16.8	0.0	25 g	1
Menudencias de pollo crudas	Carnes	43.0	6.3	0.6	1.6	0.0	27.0	0.0	35 g	1
Merluza	Carnes	33.0	7.2	0.0	0.4	0.0	33.8	0.0	85 g	1
Merluza fileteada	Carnes	34.0	7.5	0.0	0.5	0.0	35.1	0.0	45 g	1
Mermelada	Azucares	41.0	0.1	10.0	0.0	0.0	0.2	0.0	2.5 cucharadita	1
Mermelada con fructosa	Azucares	40.0	0.0	10.0	0.0	0.0	50.0	0.0	2.5 cucharada	1
Mermelada de fruta, menos azúcar	Azucares	40.0	0.0	9.9	0.0	0.0	0.0	0.0	2 cucharada	1
Mero cocido	Carnes	35.0	0.0	0.0	0.4	0.0	15.9	0.0	30 g	1
Mero crudo	Carnes	34.0	7.9	0.0	0.3	0.0	0.0	0.0	80 g	1
Mero crudo fileteado	Carnes	34.0	7.7	0.0	0.3	0.0	0.0	0.0	40 g	1
Miel	Azucares	43.0	0.0	11.5	0.0	0.0	0.6	0.0	2 cucharadita	1
Miel de abeja .	Azucares	43.0	0.0	11.5	0.0	0.0	0.6	0.0	2 cucharadita	1
Miel de caña	Azucares	35.0	0.1	8.7	0.0	0.0	0.0	0.0	2 cucharadita	1
Miel de maíz	Azucares	36.0	0.0	9.0	0.0	0.0	8.2	0.0	2 cucharadita	1
Miel o jarabe sabor maple	Azucares	31.0	0.0	8.1	0.0	0.0	1.1	0.0	2 cucharadita	1
Milanesa de avestruz	Carnes	31.0	7.1	0.0	0.4	0.0	0.0	0.0	35 g	0
Milanesa de cerdo	Carnes	56.0	7.9	0.0	2.5	0.0	32.8	0.0	40 g	1
Milanesa de pollo	Carnes	34.0	7.0	0.0	0.5	0.0	20.4	0.0	30 g	1
Milanesa de res	Carnes	36.0	7.2	0.0	0.8	0.0	18.0	0.0	30 g	1
Milanesa de ternera	Carnes	55.0	6.9	0.0	2.8	0.0	31.5	0.0	35 g	1
Miso de soya	Leguminosas	142.0	8.2	19.3	4.2	3.8	105.5	0.0	0.25 taza	1
Mojarra cruda fileteada	Carnes	34.0	7.0	0.0	0.6	0.0	18.2	0.0	35 g	1
Mojarra tilapia cruda	Carnes	35.0	7.4	0.0	0.6	0.0	19.1	0.0	0.3333333333333333 pieza	1
Mole	Azucares	79.0	1.7	6.2	5.3	0.0	64.3	0.0	3 cucharada	1
Mole de pepita	Azucares	82.0	0.9	8.2	5.0	0.0	406.8	0.0	1 cucharada	1
Mole poblano	Azucares	91.0	1.2	6.7	6.7	0.0	186.2	0.0	1 cucharada	1
Mole poblano en pasta	Azucares	91.0	1.2	6.7	6.7	0.0	186.2	0.0	1 cucharada	1
Mole poblano preparado	Azucares	79.0	1.7	6.2	5.3	0.0	64.3	0.0	3 cucharada	1
Molida de carnero	Carnes	96.0	6.9	0.0	7.4	0.0	30.4	0.0	40 g	0
Molida de cerdo	Carnes	56.0	7.9	0.0	2.5	0.0	32.8	0.0	40 g	1
Molida de pollo	Carnes	34.0	7.0	0.0	0.5	0.0	20.4	0.0	30 g	1
Molida de res	Carnes	54.0	6.2	0.0	3.0	0.0	19.5	0.0	30 g	1
Molida de sirloin	Carnes	40.0	6.1	0.0	1.6	0.0	13.2	0.0	20 g	1
Molida especial	Carnes	54.0	6.2	0.0	3.0	0.0	19.5	0.0	30 g	1
Molida popular de res	Carnes	97.0	5.2	0.0	8.3	0.0	19.4	0.0	40 g	1
Molida regular de res	Carnes	54.0	6.2	0.0	3.0	0.0	19.5	0.0	30 g	1
Molleja de pollo cocida	Carnes	37.0	7.6	0.0	0.7	0.0	14.0	0.0	25 g	1
Monster Energy *	Azucares	72.0	0.0	11.0	0.0	0.0	72.0	0.0	0.2 lata	1
Monster Kaos *	Azucares	36.0	0.4	8.4	0.0	0.0	6.0	0.0	0.2 lata	1
Monster Lo-Carb Energía	Condimentos	7.0	0.0	2.0	0.0	0.0	118.8	0.0	0.3333333333333333 lata	1
Moras	Frutas	67.0	2.2	14.9	0.6	8.2	0.0	175.0	0.75 taza	1
Morcilla de arroz	Carnes	95.0	3.7	0.3	8.6	0.0	170.0	0.0	1 rebanada gruesa	1
Morillas deshidratadas	Verduras	27.0	3.2	4.4	0.4	2.5	0.0	370.0	10 g	1
Morillas frescas	Verduras	25.0	3.0	4.1	0.4	2.3	0.0	346.0	110 g	1
Moronga	Carnes	95.0	3.7	0.3	8.6	0.0	170.0	0.0	1 rebanada gruesa	1
Mortadela	Carnes	99.0	5.3	1.1	8.0	0.0	392.7	0.0	5.5 rebanada	1
Mostaza	Condimentos	5.0	0.3	0.3	0.3	0.0	65.0	0.0	1 cucharadita	1
Mostaza Dijón	Condimentos	5.0	0.3	0.3	0.3	0.0	65.0	0.0	1 cucharadita	1
Mostaza en polvo	Condimentos	9.0	0.5	0.3	0.6	0.0	0.3	0.0	1 cucharadita	1
Mousse de chocolate	Azucares	71.0	1.0	11.5	2.3	0.0	76.0	0.0	0.25 taza	1
Mousse de chocolate sin grasa	Azucares	47.0	1.0	10.4	0.2	0.0	55.0	0.0	0.25 . taza	1
Mozarella fresco	Carnes	105.0	7.8	0.8	7.8	0.0	219.5	0.0	35 g	1
Mueslix con manzana y almendra	Cereales	68.0	1.7	13.2	1.6	1.5	87.1	0.0	0.25 taza	1
Muffin con mantequilla	Cereales	125.0	2.0	20.1	3.8	0.0	254.8	0.0	0.6666666666666666 pieza	0
Muffin de bluebeny	Cereales	104.0	2.2	18.1	2.4	1.0	168.3	0.0	0.6666666666666666 pieza	0
Muffin de maíz	Cereales	115.0	2.0	19.1	3.2	1.3	196.0	0.0	0.6666666666666666 pieza	0
Muffin de manzana	Cereales	113.0	1.3	15.3	5.3	0.0	146.7	0.0	0.6666666666666666 pieza	0
Muffin de plátano	Cereales	109.0	2.0	15.5	4.9	0.4	112.0	0.0	0.5 pieza	0
Muffin integral	Cereales	92.0	2.0	15.5	2.5	2.0	156.0	0.0	0.5 pieza	0
Muffin integral con pasas	Cereales	92.0	1.7	15.5	2.5	2.0	156.0	0.0	0.5 pieza	0
Muslo de pollo con piel cocido con hueso	Carnes	76.0	7.7	0.0	4.9	0.0	23.4	0.0	0.3333333333333333 pieza	1
Muslo de pollo con piel crudo con hueso	Carnes	72.0	5.9	0.0	5.2	0.0	25.8	0.0	0.3333333333333333 pieza	1
Muslo de pollo crudo sin piel	Carnes	43.0	7.1	0.0	1.4	0.0	31.0	0.0	0.4 pieza	1
Muslo de pollo sin piel cruda	Carnes	41.0	6.8	0.0	1.3	0.0	29.7	0.0	0.5 pieza	1
Nabo cocido	Verduras	22.0	0.7	5.0	0.1	2.0	0.0	175.2	150 g	1
Nachos	Cereales	106.0	1.0	13.3	5.5	1.1	150.8	0.0	3 pieza	1
Naranja	Frutas	72.0	1.4	18.0	0.2	3.7	0.0	276.0	2 pieza	1
Naranja agria	Frutas	73.0	1.9	14.9	0.8	3.0	0.0	252.0	2 pieza	1
Naranja cajera	Frutas	69.0	1.4	16.4	1.0	3.3	0.0	277.2	2 pieza	1
Naranja china	Frutas	48.0	2.1	15.2	0.4	3.1	0.0	0.0	4 pieza	1
Naranja sin semilla	Frutas	72.0	1.1	18.3	0.6	3.7	0.0	0.0	1 pieza	1
Naranja valenciana	Frutas	79.0	1.7	19.1	0.5	3.9	0.0	290.8	2 pieza	1
Naranjada concentrada	Frutas	57.0	1.0	13.2	0.2	0.3	0.0	7.6	0.5 taza	1
Néctar de fruta	Azucares	38.0	0.1	9.9	0.0	0.0	2.5	0.0	0.25 taza	1
Nectarina	Frutas	54.0	1.3	13.1	0.4	2.1	0.0	262.1	1 pieza	1
Nieve de frutas	Azucares	40.0	0.2	9.7	0.1	0.0	0.0	0.0	40 g	1
Níspero	Frutas	59.0	0.1	13.3	1.2	0.0	0.0	0.0	25 pieza	0
Níspero del Japón	Frutas	52.0	0.4	13.4	0.2	1.3	0.0	287.3	2 pieza	0
Nixtamal	Cereales	69.0	1.6	14.3	0.9	1.5	0.0	0.0	45 g	1
Nopal cocido	Verduras	22.0	2.0	4.9	0.1	3.0	0.0	291.0	1 taza	1
Nopal crudo	Verduras	22.0	1.8	4.5	0.1	3.2	0.0	345.4	2 pieza	1
Nopal crudo de cambray	Verduras	27.0	1.7	2.9	0.3	3.5	0.0	0.0	4 pieza	1
Nueces mixtas	Aceites	74.0	2.0	2.6	6.8	0.0	78.2	0.0	1 cucharada	1
Nuez	Aceites	67.0	0.9	1.3	7.0	0.0	0.1	0.0	3 pieza	1
Nuez acaramelada	Aceites	64.0	1.7	3.0	5.6	0.0	38.6	0.0	0.75 taza	1
Nuez de castilla	Aceites	67.0	0.9	1.3	7.0	0.0	0.1	0.0	3 pieza	1
Nuez de la india con sal	Aceites	66.0	1.9	2.7	5.2	0.0	32.0	0.0	7 pieza	1
Nuez de la india sin sal en mitades	Aceites	72.0	2.1	3.4	5.9	0.0	0.0	0.0	15 mitades	1
Nuez de la india tostada sin sal	Aceites	73.0	1.9	4.2	5.9	0.0	2.3	0.0	8 pieza	1
Nuez de la india con almendras	Aceites	64.0	1.9	2.3	5.6	0.0	35.6	0.0	0.75 cucharada	1
Nuez de macadamia deshidratada	Aceites	73.0	0.9	1.4	7.7	0.0	0.4	0.0	4 pieza	1
Nuez deshidratada	Aceites	67.0	0.9	1.3	7.0	0.0	0.1	0.0	3 pieza	1
Nuez ele la india acaramelada	Aceites	64.0	1.7	3.0	5.6	0.0	38.6	0.0	0.75 cucharada	1
Nuez en mitades	Aceites	74.0	1.0	1.4	7.7	0.0	0.1	0.0	7 mitades	1
Nuez entera	Aceites	67.0	0.9	1.3	7.0	0.0	0.1	0.0	3 pieza	1
Nuez garapiñada	Aceites	64.0	1.7	3.0	5.6	0.0	38.6	0.0	0.75 taza	1
Nuez moscada	Condimentos	10.0	0.1	1.0	0.7	0.0	0.0	0.0	1 cucharadita	1
Nuez moscada molida	Condimentos	10.0	0.1	1.0	0.7	0.0	0.0	0.0	1 cucharadita	1
Nuez picada	Aceites	71.0	1.0	1.4	7.4	0.0	0.1	0.0	10 . 9	1
Nuez tostada	Aceites	67.0	0.9	1.3	7.0	0.0	0.1	0.0	3 pieza	1
Nugget de pollo	Carnes	101.0	5.2	4.8	6.7	0.0	189.4	0.0	2 pieza	0
Nugget de queso	Carnes	123.0	5.3	11.7	6.4	0.0	619.8	0.0	3.5 pieza	0
Nuguet de soya	Carnes	98.0	4.8	5.3	6.4	0.0	283.6	0.0	2 pieza	1
Nutra sweet	Condimentos	0.0	0.0	0.0	0.0	0.0	0.0	0.0	1 sobre	1
Ñame	Cereales	66.0	1.9	15.1	0.1	0.4	7.7	0.0	100 g	1
Obleas de cajeta	Azucares	30.0	0.7	5.3	0.7	0.0	15.3	0.0	1 pieza chica	1
Oporto	Bebidas	145.0	0.0	12.0	0.0	0.0	0.0	0.0	90 ml	1
Orange crush diet	Condimentos	10.0	0.0	2.5	0.0	0.0	22.2	0.0	0.5 lata	1
Orégano	Condimentos	6.0	0.2	1.3	0.2	0.0	0.0	0.0	1 cucharadita	1
Orégano molido	Condimentos	5.0	0.2	1.0	0.2	0.0	0.0	0.0	1 cucharadita	1
Orégano troceado	Condimentos	6.0	0.2	1.3	0.2	0.0	0.0	0.0	1 cucharadita	1
Oreja	Cereales	81.0	1.0	9.6	4.4	0.2	50.8	0.0	0.3333333333333333 pieza	1
Orejas de cerdo	Carnes	66.0	6.3	0.2	4.3	0.0	54.0	0.0	0.25 pieza	1
Orejas ele pan de dulce	Cereales	81.0	2.0	9.6	4.4	0.2	50.8	0.0	0.3333333333333333 pieza	1
Orejones de chabacano	Frutas	59.0	0.8	15.3	0.1	1.8	0.0	337.4	7 pieza	1
Orejones de durazno	Frutas	62.0	0.9	15.9	0.2	2.1	0.0	259.0	2 pieza	1
Orejones de manzana	Frutas	55.0	0.2	14.8	0.1	2.0	0.0	101.3	9 pieza	1
Orejones de pera	Frutas	47.0	0.3	12.5	0.1	1.3	0.0	96.0	1 pieza	1
Ostión ahumado	Carnes	109.0	4.9	6.4	6.9	0.0	229.7	0.0	55 g	0
Ostión cocido	Carnes	57.0	6.6	3.5	1.6	0.0	74.1	0.0	35 g	0
Ostión crudo	Carnes	61.0	7.1	3.7	1.7	0.0	79.4	0.0	75 g	0
Ostión cultivado	Carnes	75.0	6.6	6.9	2.0	0.0	225.0	0.0	9 pieza	0
Ostión cultivado cocido	Carnes	70.0	6.1	6.4	1.9	0.0	143.5	0.0	9 pieza	0
Ostión empanizado	Carnes	109.0	4.9	6.4	6.9	0.0	229.7	0.0	55 g	0
Ostión en jugo	Carnes	57.0	6.6	3.5	1.6	0.0	74.1	0.0	70 g	0
Ostión enlatado	Carnes	69.0	7.1	3.9	2.5	0.0	111.8	0.0	100 g	0
Palanqueta de cacahuate	Azucares	78.0	2.3	7.0	5.0	0.0	23.2	0.0	0.3333333333333333 pieza	1
Paleta de caramelo	Azucares	44.0	0.0	11.8	0.0	0.0	0.0	0.0	2 pieza	1
Paleta helada de agua	Azucares	41.0	0.0	10.0	0.1	0.0	3.6	0.0	1 pieza	1
Paleta helada de café con cubieta de chocolate y almendras	Azucares	74.0	1.0	5.5	5.3	0.0	0.0	0.0	0.2 pieza	1
Paleta helada de chocolate cubierta con chocolate	Azucares	72.0	1.0	5.9	4.9	0.0	10.8	0.0	0.2 pieza	1
Paleta helada de crema con café cubierta de chocolate y almendras	Azucares	74.0	1.0	5.5	5.3	0.0	0.0	0.0	0.2 pieza	1
Paleta helada de fruta	Azucares	38.0	0.6	9.3	0.1	0.0	2.0	0.0	0.5 pieza	1
Paleta helada de fruta sin azúcar	Azucares	36.0	0.9	9.6	0.3	0.0	9.0	0.0	3 pieza	1
Paleta helada de vainilla cubierta con chocolate	Azucares	83.0	1.1	6.9	5.7	0.0	13.5	0.0	0.25 pieza	1
Paleta helada de vainilla cubierta con chocolate y almendras	Azucares	80.0	1.0	5.8	5.8	0.0	11.8	0.0	0.25 pieza	1
Palitos de pan	Cereales	74.0	2.2	12.3	1.7	0.5	117.9	0.0	3 pieza	1
Palitos de pan con ajo	Cereales	55.0	1.8	10.4	0.5	0.0	118.0	0.0	1 pieza	1
Palitos de pescado congelados	Carnes	116.0	6.6	10.1	5.3	0.0	247.5	0.0	1.5 pieza	1
Paloma	Carnes	102.0	6.4	0.0	8.2	0.0	18.7	0.0	45 g	1
Palomitas	Cereales	70.0	3.5	14.0	0.0	3.5	140.0	0.0	2.5 taza	1
Palomitas acarameladas	Cereales	50.0	0.4	9.1	1.5	0.6	23.8	0.0	0.3333333333333333 taza	1
Palomitas acarameladas sin grasa	Cereales	46.0	1.2	6.7	0.0	0.0	87.5	0.0	0.5 taza	1
Palomitas con queso	Cereales	110.0	2.0	10.8	7.0	2.1	186.8	0.0	0.75 taza	1
Palomitas fat free	Cereales	70.0	3.5	14.0	0.0	3.5	140.0	0.0	2.5 taza	1
Palomitas naturales	Cereales	70.0	3.5	14.0	0.0	3.5	140.0	0.0	2.5 taza	1
Palomitas sin grasa	Cereales	70.0	3.5	14.0	0.0	3.5	140.0	0.0	2.5 pieza	1
Pam	Aceites	44.0	0.0	0.0	5.0	0.0	0.0	0.0	5 disp. de un seg.	1
Pambazo	Cereales	77.0	2.4	16.2	0.1	0.1	142.3	0.0	1 rebanada	1
Pámpano	Carnes	55.0	6.2	0.0	3.1	0.0	15.3	0.0	65 g	1
Pámpano cocido	Carnes	53.0	5.9	0.0	3.0	0.0	19.1	0.0	25 g	1
Pámpano fileteado	Carnes	60.0	6.7	0.0	3.3	0.0	16.5	0.0	35 g	1
Pan 5 granos	Cereales	65.0	2.6	12.1	1.0	1.7	86.3	0.0	1 rebanada	1
Pan 7 granos	Cereales	65.0	2.6	12.1	1.0	1.7	127.0	0.0	1 pieza	1
Pan ácimo	Cereales	57.0	1.3	11.1	1.0	0.5	78.9	0.0	0.3333333333333333 pieza	1
Pan árabe	Cereales	65.0	3.0	15.0	0.5	1.5	150.0	0.0	0.5 pieza	1
Pan árabe integral	Cereales	56.0	2.1	11.6	0.6	1.6	112.2	0.0	0.3333333333333333 pieza	1
Pan bagel dulce	Cereales	64.0	2.3	12.9	0.4	0.5	75.6	0.0	0.3333333333333333 pieza	0
Pan bagel integral	Cereales	60.0	2.5	12.5	0.3	0.8	118.8	0.0	0.3333333333333333 pieza	0
Pan bagel salado	Cereales	64.0	2.5	12.5	0.4	0.5	125.1	0.0	0.3333333333333333 pieza	0
Pan baguette	Cereales	72.0	2.2	13.4	1.0	0.6	145.8	0.0	0.14285714285714285 pieza	1
Pan birote	Cereales	67.0	2.1	14.1	0.0	0.1	123.3	0.0	0.3333333333333333 rebanada	1
Pan blanco	Cereales	71.0	2.2	13.6	0.8	0.5	149.9	0.0	1 rebanada	1
Pan blanco enriquecido	Cereales	71.0	2.2	13.6	0.8	0.5	149.9	0.0	1 rebanada	1
Pan centeno	Cereales	55.0	1.8	10.2	0.7	1.3	139.3	0.0	0.6666666666666666 rebanada	1
Pan con salvado	Cereales	67.0	2.4	12.9	0.9	1.1	131.3	0.0	0.75 rebanada	1
Pan de 5 granos	Cereales	62.0	2.4	9.6	2.1	1.6	83.0	0.0	1 rebanada	1
Pan de 7 granos	Cereales	65.0	2.6	12.1	1.0	1.7	127.0	0.0	1 rebanada	1
Pan de ajo	Cereales	93.0	2.5	12.3	3.9	1.0	142.5	0.0	1 pieza	1
Pan de ajo con queso	Cereales	98.0	1.0	11.3	4.9	1.0	211.2	0.0	1 pieza	1
Pan de avena	Cereales	71.0	3.1	11.9	1.3	1.3	122.0	0.0	1 rebanada	1
Pan de caja	Cereales	71.0	2.2	13.6	0.8	0.5	149.9	0.0	1 rebanada	1
Pan de caja integral	Cereales	67.0	2.4	12.6	1.0	1.1	145.8	0.0	1 rebanada	1
Pan de centeno y comino	Cereales	55.0	1.7	11.0	0.5	0.3	140.0	0.0	1 rebanada	1
Pan de centeno y trigo	Cereales	73.0	2.6	15.0	0.2	0.1	156.0	0.0	1 pieza	1
Pan de dulce	Cereales	62.0	1.5	9.9	1.9	0.1	0.0	0.0	0.25 pieza	1
Pan de dulce miniatura	Cereales	52.0	1.2	8.2	1.6	0.1	0.0	0.0	0.5 pieza	1
Pan de dulce, orejas	Cereales	81.0	2.3	9.6	4.4	0.2	50.8	0.0	0.3333333333333333 pieza	1
Pan de girasol integral	Cereales	57.0	2.1	9.7	1.4	1.1	90.5	0.0	1 pieza	1
Pan de hamburguesa chico	Cereales	67.0	2.5	12.9	1.1	0.7	111.5	0.0	0.5 pieza	1
Pan de hot dog	Cereales	55.0	2.0	10.5	1.0	0.5	105.0	0.0	0.5 pieza	1
Pan de hot dog con ajonjolí	Cereales	55.0	2.0	10.5	1.0	0.5	105.0	0.0	0.5 rebanada	1
Pan de jengibre	Cereales	72.0	0.9	11.9	2.2	0.0	115.6	0.0	1 rebanada	1
Pan de miel y avena	Cereales	71.0	3.0	12.7	1.1	0.9	140.0	0.0	1 rebanada	1
Pan de muesli	Cereales	88.0	2.5	12.2	3.4	1.3	116.0	0.0	1 rebanada	1
Pan de plátano	Cereales	68.0	0.9	11.5	2.2	0.2	63.4	0.0	0.75 rebanada	1
Pan de trigo con arroz	Cereales	59.0	1.4	10.2	1.5	0.0	85.5	0.0	0.75 pieza	1
Pan dulce	Cereales	62.0	1.5	9.9	1.9	0.1	0.0	0.0	0.25 rebanada	1
Pan francés	Cereales	65.0	2.2	11.9	0.9	0.5	131.0	0.0	0.5 rebanada	1
Pan francés congelado	Cereales	63.0	2.2	9.5	1.8	0.4	146.0	0.0	0.5 rebanada	1
Pan integral	Cereales	67.0	2.4	12.6	1.0	1.1	145.8	0.0	1 rebanada	1
Pan integral enriquecido	Cereales	67.0	2.4	12.6	1.0	1.1	145.8	0.0	1 rebanada	1
Pan matza	Cereales	56.0	1.4	11.9	0.2	0.5	0.5	0.0	0.5 pieza	1
Pan melba	Cereales	60.0	1.8	11.4	0.6	0.9	123.0	0.0	3 pieza	1
Pan molido	Cereales	66.0	2.1	11.8	1.0	0.3	95.8	0.0	8 cucharadita	1
Pan negro	Cereales	69.0	2.1	15.2	0.5	0.3	144.8	0.0	1 rebanada	1
Pan negro con trigo	Cereales	65.0	2.0	14.6	0.5	0.3	0.0	0.0	1 rebanada	1
Pan para hamburguesa chico	Cereales	67.0	2.5	12.9	1.1	0.7	111.5	0.0	0.5 pieza	1
Pan para hamburguesa grande	Cereales	65.0	2.4	12.5	1.1	0.6	108.2	0.0	0.3333333333333333 pieza	1
Pan para pambazo	Cereales	58.0	1.8	12.2	0.0	0.1	106.7	0.0	0.75 pieza	1
Pan tipo «english muffin»	Cereales	67.0	2.2	13.1	0.5	0.8	132.0	0.0	0.5 pieza	0
Pan tipo media noche	Cereales	55.0	2.0	10.5	1.0	0.5	105.0	0.0	0.5 pieza	1
Pan tipo muffin con mantequilla	Cereales	95.0	1.3	15.2	2.9	0.0	193.0	0.0	0.5 pieza	0
Pan tipo muffin de fruta	Cereales	109.0	2.2	15.5	4.9	0.4	112.0	0.0	0.5 pieza	0
Pan tipo muffin de maíz	Cereales	115.0	2.0	19.1	3.2	1.3	196.0	0.0	0.6666666666666666 pieza	0
Pan tipo muffin de manzana	Cereales	112.0	2.0	15.2	5.3	0.0	145.2	0.0	0.6666666666666666 pieza	0
Pan tipo muffin integral	Cereales	92.0	4.0	15.5	2.5	2.0	156.0	0.0	0.5 pieza	0
Pan tostado	Cereales	82.0	2.6	14.8	1.3	0.3	0.0	0.0	1 rebanada	1
Pancita de puerco	Carnes	55.0	5.8	0.0	3.4	0.0	18.2	0.0	35 g	1
Pancita de res	Carnes	40.0	6.2	0.0	1.7	0.0	19.7	0.0	45 g	1
Panqué	Cereales	129.0	1.4	23.9	1.7	0.1	0.0	0.0	1 rebanada	1
Panqué de limón	Cereales	55.0	1.2	12.9	0.0	0.0	113.3	0.0	0.3333333333333333 rebanada	1
Panqué de nata	Cereales	97.0	1.1	10.7	5.6	0.0	65.0	0.0	0.5 rebanada	1
Panqué enriquecido	Cereales	65.0	2.0	12.0	0.9	0.1	0.0	0.0	0.5 rebanada	1
Panquecito cubierto de chocolate	Cereales	86.0	1.1	14.2	3.0	0.0	80.5	0.0	0.5 pieza	1
Panquecito cubierto de vainilla	Cereales	119.0	1.1	20.6	3.8	0.0	74.0	0.0	0.5 pieza	1
Panquecito de chocolate	Cereales	60.0	0.8	13.3	0.7	0.8	81.9	0.0	0.5 pieza	1
Panquecito de vainilla	Cereales	119.0	1.6	20.6	3.8	0.0	74.0	0.0	0.5 pieza	1
Papa	Cereales	72.0	1.8	16.4	0.1	2.5	6.3	0.0	0.75 pieza	1
Papa al horno con cáscara	Cereales	73.0	1.5	16.8	0.1	1.2	3.9	0.0	0.5 pieza	1
Papa al horno sin cáscara	Cereales	73.0	1.6	16.8	0.1	1.2	4.0	0.0	0.5 pieza	1
Papa alfa	Cereales	72.0	1.8	16.4	0.1	2.5	6.3	0.0	0.75 pieza	1
Papa amarilla	Cereales	72.0	1.8	16.4	0.1	2.5	6.3	0.0	0.75 pieza	1
Papa blanca	Cereales	72.0	1.8	16.4	0.1	2.5	6.3	0.0	0.75 pieza	1
Papa cocida	Cereales	73.0	1.5	17.1	0.1	1.5	4.3	0.0	0.5 pieza	1
Papa cocida sin cáscara	Cereales	54.0	1.1	12.6	0.1	1.1	3.1	0.0	0.5 pieza	1
Papa congelada para freír	Cereales	100.0	1.2	15.6	3.8	1.6	15.0	0.0	50 g	1
Papa de agua	Cereales	71.0	2.6	15.5	0.2	0.4	0.0	0.0	1 pieza	1
Papa de cambray	Cereales	72.0	1.5	16.5	0.1	0.5	5.7	0.0	5 pieza	1
Papa hash brown	Cereales	100.0	1.1	13.7	4.9	1.2	133.4	0.0	0.25 taza	1
Papa hervida con piel	Cereales	59.0	1.3	13.7	0.1	1.2	2.5	0.0	0.5 pieza	1
Papa hervida pelada	Cereales	54.0	1.1	12.6	0.1	1.1	3.1	0.0	0.5 pieza	1
Papa picada	Cereales	72.0	1.8	16.4	0.1	2.5	6.3	0.0	0.75 taza	1
Papa roja cruda	Cereales	60.0	1.6	13.5	0.1	1.4	5.1	0.0	0.5 pieza	1
Papaloquelite crudo	Verduras	24.0	1.9	3.1	0.3	1.0	0.0	0.0	2 taza	1
Papas fritas	Cereales	100.0	1.2	9.2	6.9	0.6	118.1	0.0	6 pieza	1
Papas fritas a la francesa	Cereales	112.0	1.2	10.2	7.7	0.7	131.2	0.0	4 pieza	1
Papas fritas bajas en grasa	Cereales	105.0	1.2	13.6	5.4	0.8	89.9	0.0	7 pieza	1
Papas fritas con crema ácida y cebolla	Cereales	98.0	1.3	9.2	6.7	0.2	129.6	0.0	6 pieza	1
Papas fritas con queso	Cereales	99.0	1.1	9.1	6.7	0.6	135.9	0.0	6 pieza	1
Papas fritas en juliana	Cereales	100.0	1.1	11.9	5.6	1.0	183.9	0.0	6 pieza	1
Papas fritas light	Cereales	100.0	1.1	11.9	5.6	1.0	183.9	0.0	10 pieza	1
Papas fritas reducidas en grasa	Cereales	94.0	4.1	12.2	4.8	0.7	80.3	0.0	0.75 bolsa i0	1
Papas hojuelas para puré	Cereales	71.0	1.7	16.2	0.1	1.3	20.8	0.0	20 g	1
Papaya hawaiana	Frutas	45.0	0.7	11.2	0.2	2.1	0.0	292.9	0.5 pieza peq	1
Papaya picada	Frutas	55.0	0.8	13.7	0.1	2.5	0.0	359.8	1 taza	1
Papilla de arroz	Cereales	67.0	1.4	14.1	0.5	1.1	2.0	0.0	0.5 taza	1
Papilla de arroz deshidratada	Cereales	78.0	1.4	15.5	1.0	0.1	6.4	0.0	20 9	1
Papilla de avena deshidratada	Cereales	74.0	1.3	16.0	0.3	0.1	54.6	0.0	20 g	1
Papilla de chabacano con tapioca	Frutas	61.0	0.3	16.9	0.0	1.5	0.0	118.0	0.75 frasco	1
Papilla de ciruela pasa con tapioca	Frutas	68.0	0.6	18.2	0.1	2.6	0.0	172.6	0.75 frasco	1
Papilla de durazno	Frutas	63.0	0.9	14.1	0.3	1.3	0.0	158.0	0.75 frasco	1
Papilla de frutas mixtas	Frutas	59.0	0.2	16.0	0.0	0.0	0.0	81.9	0.75 frasco	1
Papilla de guayaba y papaya con tapioca	Frutas	61.0	0.2	16.6	0.1	0.0	0.0	146.3	0.75 frasco	1
Papilla de macarrones con pollo	Cereales	101.0	1.1	14.6	2.9	0.6	31.2	0.0	1.5 frasco	1
Papilla de maíz deshidratada	Cereales	72.0	1.8	16.6	0.2	1.1	228.8	0.0	0.75 sobre	1
Papilla de mango con tapioca	Frutas	59.0	0.3	16.1	0.2	0.9	0.0	49.9	0.6666666666666666 frasco	1
Papilla de manzana	Frutas	61.0	0.3	16.6	0.0	0.0	0.0	42.3	0.6666666666666666 frasco	1
Papilla de manzana y chabacano	Frutas	61.0	0.3	16.1	0.3	2.3	0.0	156.0	1 frasco	1
Papilla de pera	Frutas	56.0	0.3	13.3	0.1	1.2	0.0	126.8	0.75 frasco	1
Papilla de pera y pina	Frutas	57.0	0.4	14.8	0.3	3.4	0.0	150.8	1 frasco	1
Papilla de plátano y piña con tapioca	Frutas	66.0	0.2	17.9	0.1	1.6	0.0	76.1	0.75 frasco	1
Papilla de verduras mixtas	Verduras	19.0	0.5	4.1	0.0	0.6	0.0	51.9	0.3333333333333333 frasco	1
Paprika	Condimentos	6.0	0.3	1.1	0.3	0.0	1.0	0.0	1 cucharadita	1
Pargo	Carnes	37.0	7.5	0.0	0.7	0.0	23.9	0.0	70 g	1
Pargo fileteado	Carnes	36.0	7.4	0.0	0.7	0.0	23.5	0.0	35 g	1
Pasas	Frutas	59.0	0.5	15.7	0.1	1.4	0.0	165.0	10 pieza	1
Pasitas	Frutas	59.0	0.5	15.7	0.1	1.4	0.0	165.0	10 pieza	1
Pasitas con chocolate	Azucares	43.0	0.5	7.5	1.6	0.0	4.0	0.0	11 pieza	1
Pasitas sin semilla	Frutas	60.0	0.6	15.8	0.1	0.7	0.0	150.2	10 pieza	1
Pasta chica cruda	Cereales	68.0	1.9	14.6	0.1	0.4	0.4	0.0	0.3333333333333333 taza	1
Pasta cocida	Cereales	78.0	3.2	14.0	1.1	0.0	49.5	0.0	0.5 taza	1
Pasta con espinaca cruda	Cereales	71.0	2.5	14.2	0.3	2.0	6.8	0.0	0.3333333333333333 taza	1
Pasta con espinacas	Cereales	55.0	1.8	11.1	0.2	0.1	0.0	0.0	0.3333333333333333 taza	1
Pasta con huevo	Cereales	57.0	1.9	11.0	0.6	0.0	0.7	0.0	0.3333333333333333 taza	1
Pasta cruda para sopa	Cereales	68.0	1.9	14.6	0.1	0.4	0.4	0.0	20 g	1
Pasta de Almendras	Aceites	62.0	1.2	6.5	3.8	0.0	1.4	0.0	4 cucharadita	1
Pasta de anchoas	Carnes	56.0	5.6	1.2	3.2	0.0	0.0	0.0	4 cucharadita	0
Pasta de cacahuate	Aceites	58.0	2.8	1.7	4.9	0.0	47.8	0.0	1 cucharada	1
Pasta de cacahuate desgrasada	Aceites	43.0	3.0	2.8	2.5	0.0	60.7	0.0	1 cucharada	1
Pasta de camarón	Carnes	54.0	6.2	0.5	2.8	0.0	0.0	0.0	30 g	1
Pasta de codito	Cereales	74.0	2.5	15.0	0.2	0.1	0.4	0.0	0.5 taza	1
Pasta de estrellitas	Cereales	69.0	2.3	14.1	0.2	0.1	0.4	0.0	0.25 taza	1
Pasta de hojaldre	Cereales	108.0	1.1	7.6	8.2	0.3	1.2	0.0	20 g	1
Pasta de lagrimitas	Cereales	69.0	2.3	14.1	0.2	0.1	0.4	0.0	0.25 taza	1
Pasta de langosta	Carnes	52.0	6.0	0.4	2.8	0.0	0.0	0.0	4 cucharadita	0
Pasta de letras	Cereales	69.0	2.3	14.1	0.2	0.1	0.4	0.0	0.25 taza	1
Pasta de moño	Cereales	74.0	2.5	15.0	0.2	0.1	0.4	0.0	0.5 taza	1
Pasta de municiones	Cereales	69.0	2.3	14.1	0.2	0.1	0.4	0.0	0.25 taza	1
Pasta de trigo cocida	Cereales	78.0	3.2	14.0	1.1	0.0	49.5	0.0	0.5 taza	1
Pasta de trigo fresca	Cereales	72.0	2.8	13.7	0.6	0.0	6.5	0.0	25 g	1
Pasta fresca	Cereales	72.0	2.8	13.7	0.6	0.0	6.5	0.0	25 g	1
Pasta hojaldrada	Cereales	108.0	1.1	7.6	8.2	0.3	1.2	0.0	20 g	1
Pasta integral cocida	Cereales	57.0	2.5	12.3	0.3	2.1	1.3	0.0	0.3333333333333333 taza	1
Pasta mediana cruda	Cereales	57.0	1.9	11.0	0.6	0.0	0.7	0.0	0.3333333333333333 taza	1
Pasta para sopa	Cereales	65.0	2.7	14.5	0.1	0.4	1.6	0.0	20 g	1
Pasta para sopa adicionada DICONSA	Cereales	78.0	2.5	16.2	0.3	0.4	0.7	0.0	20 g	1
Pasta quebrada	Cereales	108.0	2.1	7.6	8.2	0.3	1.2	0.0	20 g	1
Pasta tornillo cocida	Cereales	57.0	1.9	11.0	0.6	0.0	0.7	0.0	0.3333333333333333 taza	1
Pastel ángel	Cereales	52.0	1.2	11.7	0.1	0.3	151.4	0.0	0.5 rebanada	1
Pastel de chocolate	Cereales	114.0	0.9	18.4	4.4	0.8	213.5	0.0	0.75 rebanada	1
Pastel de frutas	Cereales	109.0	1.3	20.8	3.1	1.3	91.0	0.0	0.75 rebanada	1
Pastel de pavo	Carnes	105.0	3.9	0.6	9.6	0.0	406.5	0.0	1.5 rebanada	1
Pastel de pollo	Carnes	106.0	4.0	2.9	8.7	0.0	511.4	0.0	40 g	1
Pastel de puerco	Carnes	105.0	3.9	0.6	9.6	0.0	406.5	0.0	1.5 rebanada	1
Pastel de ternera	Carnes	106.0	4.0	2.9	8.7	0.0	511.4	0.0	40 g	1
Pastel de zanahoria	Cereales	85.0	1.3	11.7	3.9	0.5	88.9	0.0	0.5 rebanada	1
Pastel de zanahoria con cubierta de queso crema	Cereales	120.0	1.0	13.0	7.3	0.3	67.6	0.0	0.5 rebanada	1
Pastelito de chocolate con relleno cremoso	Cereales	92.0	1.4	6.4	6.4	1.6	0.0	0.0	1 pieza	1
Pastellto con relleno cremoso y mermelada	Cereales	94.0	2.3	7.1	7.0	0.6	91.8	0.0	30 g	1
Pastitas de mantequilla	Cereales	110.0	2.0	16.3	4.3	0.0	86.4	0.0	4 pieza	1
Pastrami de pavo	Carnes	59.0	7.7	0.7	2.6	0.0	439.2	0.0	2 rebanada	1
Pata de carnero cocida	Carnes	38.0	7.4	0.0	7.4	0.0	0.0	0.0	50 g	0
Pata de cerdo cocida	Carnes	71.0	5.9	0.0	5.1	0.0	285.6	0.0	150 g	1
Pata de cerdo cocidas	Carnes	71.0	5.9	0.0	5.1	0.0	285.6	0.0	150 g	1
Pata de res	Carnes	44.0	6.7	0.6	1.6	0.0	0.0	0.0	120 g	1
Patas de cerdo en escabeche	Carnes	71.0	5.9	0.0	5.1	0.0	285.6	0.0	150 g	1
Paté	Aceites	69.0	3.1	0.3	6.1	0.0	150.9	0.0	5 cucharadita	1
Paté de cerdo	Aceites	61.0	1.5	0.6	5.8	0.0	91.9	0.0	1 cucharada	1
Paté de Foie Gras	Aceites	60.0	1.5	0.6	5.7	0.0	90.6	0.0	1 cucharada	1
Paté de ganso	Aceites	61.0	1.5	0.6	5.8	0.0	91.9	0.0	1 cucharada	1
Paté de hígado de cerdo	Aceites	61.0	1.5	0.6	5.8	0.0	91.9	0.0	1 cucharada	1
Paté de hígado de ternera	Aceites	61.0	1.5	0.6	5.8	0.0	91.9	0.0	1 cucharada	1
Paté de pollo	Aceites	71.0	4.7	2.4	4.6	0.0	134.8	0.0	8 cucharadita	1
Paté de ternera	Aceites	61.0	1.5	0.6	5.8	0.0	91.9	0.0	1 cucharada	1
Patitas de cerdo encurtidas sin hueso	Carnes	71.0	5.9	0.0	5.1	0.0	285.6	0.0	150 g	1
Pato de crianza	Carnes	51.0	7.1	0.0	2.3	0.0	28.9	0.0	60 g	1
Pavo	Carnes	57.0	7.3	0.0	2.8	0.0	23.1	0.0	45 g	1
Pavo entero	Carnes	57.0	7.3	0.0	2.8	0.0	23.1	0.0	45 g	1
Pay de calabaza	Cereales	105.0	1.0	13.7	4.8	1.3	140.8	0.0	1 rebanada	1
Pay de chocolate	Cereales	115.0	0.9	12.7	7.3	0.8	51.3	0.0	0.3333333333333333 rebanada	1
Pay de crema de limón	Cereales	66.0	1.0	12.5	1.3	0.0	99.0	0.0	0.3333333333333333 rebanada	1
Pay de fresa	Cereales	92.0	0.6	14.4	3.7	0.0	90.0	0.0	0.5 rebanada	1
Pay de limón con merengue	Cereales	101.0	0.8	17.8	3.3	0.5	55.0	0.0	0.3333333333333333 rebanada	1
Pay de manzana	Cereales	99.0	0.8	14.2	4.6	0.7	111.0	0.0	0.3333333333333333 rebanada	1
Pay de manzana congelado	Cereales	99.0	1.1	14.2	4.6	0.7	111.0	0.0	0.3333333333333333 rebanada	1
Pay de nuez	Cereales	110.0	2.7	15.7	5.1	1.0	116.6	0.0	0.5 rebanada	1
Pay de pina	Cereales	119.0	1.5	16.1	5.0	0.0	105.4	0.0	0.75 rebanada	1
Pay de queso	Cereales	88.0	1.9	7.0	6.2	0.1	57.1	0.0	0.5 rebanada	1
Pay de queso con café	Cereales	93.0	0.8	12.2	4.2	0.3	93.4	0.0	0.5 rebanada	1
Pay helado de limón	Cereales	90.0	2.0	10.8	5.0	0.5	60.0	0.0	0.25 rebanada	1
Pecho de res	Carnes	76.0	6.4	0.0	5.4	0.0	25.9	0.0	50 g	1
Pechuga de pavo	Carnes	35.0	7.1	0.0	0.5	0.0	451.5	0.0	1.5 rebanada	1
Pechuga de pavo ahumada	Carnes	32.0	6.7	0.5	0.3	0.0	402.8	0.0	5.5 rebanada	1
Pechuga de pavo ahumada baja en grasa	Carnes	39.0	7.3	1.7	0.3	0.0	535.4	0.0	1  1/2 rebanada	1
Pechuga de pollo a la plancha	Carnes	40.0	7.2	0.0	1.0	0.0	16.3	0.0	25 g	1
Pechuga de pollo ahumada	Carnes	33.0	6.9	1.1	0.1	0.0	452.0	0.0	2 rebanada	1
Pechuga de pollo aplanada	Carnes	40.0	7.2	0.0	1.0	0.0	16.3	0.0	25 g	1
Pechuga de pollo asada	Carnes	40.0	7.2	0.0	1.0	0.0	16.3	0.0	25 g	1
Pechuga de pollo cocida	Carnes	40.0	7.2	0.0	1.0	0.0	16.3	0.0	25 g	1
Pechuga de pollo con piel	Carnes	55.0	6.0	0.0	3.3	0.0	19.3	0.0	35 g	1
Pechuga de pollo cruda	Carnes	34.0	6.9	0.0	0.5	0.0	20.2	0.0	35 g	1
Pechuga de pollo deshuesada cruda .	Carnes	34.0	7.0	0.0	0.5	0.0	20.4	0.0	30 g	1
Pechuga de pollo en brocheta cruda	Carnes	34.0	7.0	0.0	0.5	0.0	20.4	0.0	30 g	1
Pechuga de pollo en fajitas cruda	Carnes	34.0	7.0	0.0	0.5	0.0	20.4	0.0	30 g	1
Pechuga de pollo horneada rebanada	Carnes	36.0	7.2	1.4	0.2	0.0	419.8	0.0	3.25 rebanada	1
Pechuga de pollo molida cruda	Carnes	34.0	7.0	0.0	0.5	0.0	20.4	0.0	30 g	1
Pechuga de pollo sin piel	Carnes	36.0	7.3	0.0	0.5	0.0	21.4	0.0	35 g	1
Pechuga deshebrada	Carnes	36.0	7.4	0.0	0.5	0.0	21.8	0.0	32 g	1
Pechuga desmenuzada	Carnes	36.0	7.4	0.0	0.5	0.0	21.8	0.0	32 g	1
Pechuga molida	Carnes	36.0	7.4	0.0	0.5	0.0	21.8	0.0	32 g	1
Peneques	Cereales	58.0	1.5	12.3	0.4	1.2	0.0	0.0	2 pieza	1
Peperami	Carnes	103.0	4.0	1.0	9.3	0.0	277.5	0.0	0.75 pieza	1
Peperoni	Carnes	99.0	4.5	0.0	8.8	0.0	330.6	0.0	10 rebanada	1
Pepinillos crudos	Verduras	23.0	1.1	3.3	1.0	0.0	0.0	0.0	0.3333333333333333 taza	1
Pepinillos dulces	Verduras	20.0	0.1	5.3	0.1	0.2	0.0	4.0	1 cucharada	1
Pepino con cáscara rebanado	Verduras	20.0	0.8	4.7	0.1	0.7	0.0	191.1	1.5 taza	1
Pepita limpia	Aceites	53.0	3.3	1.4	4.3	0.0	1.8	0.0	1 cucharada	1
Pepitas	Aceites	66.0	3.0	2.1	5.6	0.0	2.1	0.0	60 pieza	1
Pepitas con cascara	Aceites	70.0	3.5	1.3	5.6	0.0	520.0	0.0	2 cucharada	1
Pepitas de calabaza	Aceites	66.0	3.6	1.7	5.5	0.0	0.0	0.0	5.5 cucharada	1
Pepitas de melón	Aceites	66.0	3.3	1.8	5.6	0.0	11.7	0.0	5 cucharadita	1
Pepitas tostadas	Aceites	69.0	4.3	1.8	5.5	0.0	2.3	0.0	1 cucharadita	1
Pepperoni	Aceites	72.0	2.8	0.1	6.7	0.0	274.0	0.0	4 rebanada	1
Pepsi de dieta	Condimentos	4.0	0.0	0.0	0.0	0.0	34.5	0.0	1 lata	1
Pepsi Max	Condimentos	4.0	0.0	0.0	0.0	0.0	34.5	0.0	1 lata	1
Pera	Frutas	47.0	0.3	12.5	0.1	2.5	0.0	101.2	0.5 pieza	1
Pera asiática	Frutas	49.0	0.6	12.4	0.3	4.2	0.0	141.8	0.5 pieza	1
Pera bartlett	Frutas	45.0	0.3	12.0	0.1	2.4	0.0	96.9	0.5 pieza	1
Pera d'anjou	Frutas	47.0	0.3	12.5	0.1	2.5	0.0	101.2	0.5 pieza	1
Pera de agua	Frutas	43.0	0.3	11.4	0.1	2.3	0.0	92.4	0.5 pieza	1
Pera de San Juan	Frutas	61.0	0.4	16.3	0.1	3.3	0.0	131.9	2 pieza	1
Pera deshidratada	Frutas	46.0	0.3	12.2	0.1	1.3	0.0	93.3	1 orejon	1
Pera en almíbar	Frutas	44.0	0.3	11.7	0.1	2.4	0.0	50.3	0.5 pieza	1
Pera mantequilla	Frutas	41.0	0.3	10.8	0.1	2.2	0.0	87.9	0.5 pieza	1
Pera picada	Frutas	63.0	0.8	16.0	0.3	5.4	0.0	188.0	1 taza	1
Pera piña	Frutas	46.0	0.3	12.4	0.1	2.5	0.0	100.2	0.5 pieza	1
Pera rebanada	Frutas	41.0	0.5	10.4	0.2	3.5	0.0	122.2	0.6666666666666666 taza	1
Pera roja	Frutas	47.0	0.3	12.5	0.1	2.5	0.0	53.6	0.5 pieza	1
Pera roja rebanada	Frutas	46.0	0.3	12.4	0.1	2.5	0.0	52.9	0.5 taza	1
Perca cocida	Carnes	35.0	7.4	0.0	0.4	0.0	23.6	0.0	30 g	0
Perca cruda	Carnes	35.0	7.4	0.0	0.4	0.0	23.9	0.0	75 g	0
Perca fileteada	Carnes	34.0	7.4	0.0	0.4	0.0	23.7	0.0	38 g	0
Perejil crudo picado	Verduras	22.0	1.8	3.8	0.5	2.0	0.0	332.4	1 taza	1
Perejil deshidratado	Condimentos	9.0	0.6	1.5	0.0	0.0	15.0	0.0	1 cucharada	1
Perón	Frutas	65.0	0.4	16.7	0.4	2.2	0.0	0.0	1 pieza	1
Perón picado	Frutas	58.0	0.4	14.9	0.4	2.0	0.0	0.0	0.75 taza	1
Pérsimo	Frutas	64.0	0.4	16.8	0.2	0.0	0.0	156.0	2 pieza	0
Pérsimo japonés	Frutas	59.0	0.5	15.6	0.2	3.0	0.0	135.0	0.5 pieza	0
Pescado blanco	Carnes	52.0	7.4	0.0	2.3	0.0	19.7	0.0	75 g	1
Pescado blanco ahumado	Carnes	35.0	7.5	0.0	0.3	0.0	326.1	0.0	32 g	1
Pescado blanco cocido	Carnes	52.0	7.3	0.0	2.3	0.0	19.4	0.0	30 g	1
Pescado blanco fileteado	Carnes	47.0	6.7	0.0	2.1	0.0	17.9	0.0	35 g	1
Pescado en trozo	Carnes	35.0	7.3	0.0	0.5	0.0	31.6	0.0	75 g	1
Pescado entero	Carnes	35.0	7.3	0.0	0.5	0.0	31.6	0.0	75 g	1
Pescado fileteado	Carnes	36.0	7.5	0.0	0.5	0.0	32.4	0.0	40 g	1
Pescado rebanado	Carnes	35.0	7.3	0.0	0.5	0.0	31.6	0.0	75 g	1
Pescado seco tipo bacalao	Carnes	34.0	7.4	0.0	0.3	0.0	822.2	0.0	13 g	1
Pescuezo de pollo con piel sin hueso	Carnes	95.0	4.5	0.0	8.4	0.0	20.5	0.0	1 pieza	1
Pescuezo de pollo sin piel	Carnes	58.0	6.6	0.0	3.3	0.0	30.4	0.0	125 pieza	1
Pescuezo de res	Carnes	50.0	6.7	0.0	2.4	0.0	25.4	0.0	50 g	1
Pez espada cocido	Carnes	43.0	7.1	0.0	1.4	0.0	32.3	0.0	28 g	0
Pez espada crudo	Carnes	43.0	7.1	0.0	1.4	0.0	32.2	0.0	55 g	0
Pez espada crudo fileteado	Carnes	44.0	7.1	0.0	1.4	0.0	32.5	0.0	38 g	0
Pez espada crudo rebanado	Carnes	43.0	7.1	0.0	1.4	0.0	32.2	0.0	55 g	0
Pierna de carnero	Carnes	54.0	7.6	0.0	2.4	0.0	30.0	0.0	50 g	0
Pierna de cerdo	Carnes	56.0	7.9	0.0	2.5	0.0	32.8	0.0	40 g	1
Pierna de cordero	Carnes	43.0	6.4	0.0	1.7	0.0	15.3	0.0	30 g	1
Pierna de pollo con piel cocida	Carnes	58.0	6.3	0.0	3.4	0.0	19.2	0.0	0.25 taza	1
Pierna de pollo sin piel	Carnes	45.0	7.5	0.0	1.4	0.0	32.3	0.0	0.3333333333333333 pieza	1
Pierna de pollo sin piel cocida	Carnes	47.0	6.7	0.0	2.1	0.0	0.0	0.0	0.25 pieza	1
Pierna de pollo sin piel cruda	Carnes	39.0	6.6	0.0	1.2	0.0	28.2	0.0	0.25 pieza	1
Pierna de puerco	Carnes	56.0	7.9	0.0	2.5	0.0	32.8	0.0	40 g	1
Pierna y muslo de pollo con piel	Carnes	74.0	7.2	0.0	4.8	0.0	31.3	0.0	0.2 pieza	1
Pierna y muslo de pollo sin piel	Carnes	41.0	6.8	0.0	1.3	0.0	29.0	0.0	45 g	1
Pieza de pollo	Carnes	68.0	5.6	0.0	4.9	0.0	24.5	0.0	0.3333333333333333 pieza	1
Pieza de pollo con piel	Carnes	68.0	5.6	0.0	4.9	0.0	24.5	0.0	0.3333333333333333 pieza	1
Piloncillo	Azucares	36.0	0.0	9.1	0.0	0.0	3.0	0.0	10 g	1
Piloncillo rallado	Azucares	36.0	0.0	9.1	0.0	0.0	3.0	0.0	1 cucharada	1
Pimentón	Condimentos	6.0	0.3	1.1	0.3	0.0	1.0	0.0	1 cucharadita	1
Pimienta	Condimentos	5.0	0.2	1.3	0.1	0.0	1.0	0.0	1 cucharadita	1
Pimienta blanca	Condimentos	6.0	0.2	1.4	0.0	0.0	0.0	0.0	1 cucharadita	1
Pimienta blanca en polvo	Condimentos	6.0	0.2	1.4	0.0	0.0	0.0	0.0	1 cucharadita	1
Pimienta blanca entera	Condimentos	9.0	0.4	2.3	0.2	0.0	1.8	0.0	1 cucharadita	1
Pimienta blanca molida	Condimentos	6.0	0.2	1.4	0.0	0.0	0.0	0.0	1 cucharadita	1
Pimienta de cayena	Condimentos	6.0	0.2	1.1	0.3	0.0	1.0	0.0	1 cucharadita	1
Pimienta de tabasco	Condimentos	6.0	0.2	1.1	0.3	0.0	1.0	0.0	1 cucharadita	1
Pimienta gorda	Condimentos	9.0	0.4	2.3	0.2	0.0	1.8	0.0	1 cucharadita	1
Pimienta molida	Condimentos	5.0	0.2	1.3	0.1	0.0	1.0	0.0	1 cucharadita	1
Pimienta negra	Condimentos	5.0	0.2	1.3	0.1	0.0	1.0	0.0	1 cucharadita	1
Pimienta negra en polvo	Condimentos	5.0	0.2	1.3	0.1	0.0	1.0	0.0	1 cucharadita	1
Pimienta negra entera	Condimentos	9.0	0.4	2.3	0.2	0.0	1.8	0.0	1 cucharadita	1
Pimienta negra molida	Condimentos	5.0	0.2	1.3	0.1	0.0	1.0	0.0	1 cucharadita	1
Pimienta roja	Condimentos	6.0	0.2	1.1	0.3	0.0	1.0	0.0	1 cucharadita	1
Pimienta verde	Condimentos	6.0	0.2	1.4	0.0	0.0	0.0	0.0	1 cucharadita	1
Pimiento amarillo crudo chico	Verduras	17.0	0.7	4.0	0.1	0.6	0.0	135.0	1 pieza	1
Pimiento cocido	Verduras	19.0	0.6	4.6	0.1	0.8	0.0	113.0	0.5 taza	1
Pimiento fresco	Verduras	17.0	0.5	3.8	0.1	1.1	0.0	106.8	1 taza	1
Pimiento rojo crudo chico	Verduras	17.0	0.7	4.0	0.1	0.6	0.0	134.5	1 pieza	1
Pimiento verde crudo chico	Verduras	17.0	0.7	4.0	0.1	0.6	0.0	111.6	1 pieza	1
Pinole	Cereales	62.0	1.7	12.1	1.0	0.0	0.0	0.0	16 g	1
Piña en almíbar	Frutas	42.0	0.2	10.8	0.1	0.4	0.0	51.3	1 rebanada	1
Piña picada	Frutas	62.0	0.7	16.2	0.1	1.7	0.0	139.7	0.75 taza	1
Piña rebanada	Frutas	42.0	0.5	11.0	0.1	1.2	0.0	94.8	1 rebanada	1
Piñón	Aceites	64.0	1.2	2.0	6.2	0.0	7.1	0.0	1 cucharada	1
Pipián	Azucares	77.0	0.9	7.7	4.7	0.0	381.4	0.0	15 g	1
Pistache	Aceites	73.0	2.6	2.5	6.3	0.0	86.4	0.0	18 pieza	1
Pistache tostado	Aceites	59.0	2.1	2.5	4.9	0.0	0.7	0.0	1 cucharada	1
Pitahaya	Frutas	52.0	1.7	11.2	0.6	2.2	0.0	0.0	2 pieza	1
Plátano	Frutas	48.0	0.6	12.4	0.2	1.4	0.0	215.2	0.5 pieza	1
Plátano deshidratado	Frutas	69.0	0.8	17.7	0.4	2.0	0.0	0.0	0.25 taza	1
Plátano dominico	Frutas	54.0	1.0	14.0	0.1	1.2	0.0	209.8	3 pieza	1
Plátano machacado	Frutas	50.0	0.6	12.8	0.2	1.5	0.0	208.1	0.25 taza	1
Plátano macho	Frutas	95.0	0.5	11.6	0.2	1.0	0.0	195.6	0.25 pieza	1
Plátano macho rebanado	Frutas	99.0	0.5	12.0	0.3	1.1	0.0	203.3	0.3333333333333333 taza	1
Plátano manzano	Frutas	47.0	0.5	11.8	0.3	1.0	0.0	179.8	0.5 pieza	1
Plátano morado	Frutas	41.0	0.9	10.3	0.1	1.0	0.0	179.8	0.5 pieza	1
Pollo cocido	Carnes	40.0	7.2	0.0	1.0	0.0	16.3	0.0	25 g	1
Pollo crispy	Carnes	106.0	5.4	5.1	7.1	0.0	154.4	0.0	45 g	1
Pollo crudo	Carnes	76.0	6.5	0.0	5.3	0.0	24.6	0.0	55 g	1
Pollo crudo en piezas	Carnes	73.0	7.1	0.0	4.7	0.0	30.8	0.0	60 g	1
Pollo deshebrado	Carnes	40.0	7.2	0.0	1.0	0.0	16.3	0.0	25 g	1
Pollo rostizado	Carnes	80.0	6.7	0.0	6.3	0.0	0.0	0.0	0.3333333333333333 pieza	1
Pomarosa	Frutas	60.0	0.6	15.6	0.2	1.3	0.0	117.1	140 g	1
Pomelo	Frutas	58.0	0.9	14.7	0.2	0.3	0.0	331.3	260 g	1
Ponche de frutas	Azucares	36.0	0.0	9.2	0.0	0.0	4.0	0.0	0.3333333333333333 taza	1
Poro crudo	Verduras	21.0	0.5	4.5	0.1	0.5	0.0	57.6	0.25 taza	1
Praliné	Aceites	36.0	0.2	5.0	1.9	0.0	4.9	0.0	0.5 cucharada	1
Pretzels	Cereales	72.0	1.7	15.1	0.7	0.6	325.4	0.0	0.75 taza	1
Prisco	Frutas	59.0	0.9	14.9	0.2	2.2	0.0	311.1	3.5 pieza	0
Proteína aislada de soya	Leguminosas	51.0	12.1	1.1	0.5	0.8	116.4	0.0	15 g	1
Proteína concentrada de soya	Leguminosas	66.0	11.6	6.2	0.1	1.1	167.8	0.0	20 g	1
Pudín de chocolate en polvo	Cereales	59.0	0.4	14.5	0.3	0.4	235.8	0.0	0.3333333333333333 taza	1
Pudín de coco en polvo	Cereales	65.0	0.2	14.9	0.7	0.1	201.0	0.0	0.3333333333333333 taza	1
Pudín de limón en polvo	Cereales	63.0	0.0	15.9	0.1	0.0	222.0	0.0	0.3333333333333333 taza	1
Pudín de plátano en polvo	Cereales	61.0	0.0	15.5	0.1	0.0	249.8	0.0	0.3333333333333333 taza	1
Pudín de vainilla en polvo	Cereales	61.0	0.0	15.5	0.1	0.0	240.2	0.0	0.3333333333333333 taza	1
Pulmón de cerdo	Carnes	41.0	6.7	0.0	1.3	0.0	73.2	0.0	55 g	1
Pulpa de cerdo	Carnes	56.0	7.9	0.0	2.5	0.0	32.8	0.0	40 g	1
Pulpa de fresa	Frutas	44.0	0.1	11.9	0.1	0.2	0.0	0.0	2 cucharada	1
Pulpa de guanábana	Frutas	45.0	0.1	12.3	0.1	0.1	0.0	0.0	2 cucharada	1
Pulpa de jaiba	Carnes	38.0	8.0	0.0	0.6	0.0	18.9	0.0	0.3333333333333333 taza	1
Pulpa de mamey	Frutas	52.0	1.3	12.2	0.5	3.4	0.0	0.0	6 cucharada	1
Pulpa de res	Carnes	87.0	6.8	0.0	6.5	0.0	16.3	0.0	25 g	1
Pulpa de tamarindo	Frutas	57.0	0.1	14.7	0.1	0.5	0.0	0.0	8 cucharada	1
Pulpa de ternera	Carnes	59.0	7.5	0.0	3.0	0.0	34.2	0.0	40 g	1
Pulpa de zapote negro	Frutas	59.0	0.8	15.2	0.1	1.3	0.0	0.0	0.5 taza	1
Pulpo cocido	Carnes	41.0	7.5	1.1	0.5	0.0	115.0	0.0	25 g	1
Pulpo crudo	Carnes	37.0	6.7	1.0	0.5	0.0	103.5	0.0	45 g	1
Pulque	Bebidas	155.0	0.0	20.0	0.0	0.0	0.0	0.0	1 tarro	1
Puntas de filete	Carnes	36.0	7.2	0.0	0.8	0.0	18.0	0.0	30 g	1
Puntas de res	Carnes	36.0	7.2	0.0	0.8	0.0	18.0	0.0	30 g	1
Puré de camote	Cereales	60.0	1.2	13.8	0.1	1.0	44.6	0.0	0.25 taza	1
Puré de camote con naranja	Cereales	77.0	0.2	19.0	0.0	0.0	5.2	0.0	0.25 taza	1
Puré de ciruela pasa	Frutas	51.0	0.5	13.6	0.1	0.2	0.0	128.7	3 cucharada	1
Puré de guayaba	Frutas	49.0	0.1	12.0	0.1	1.7	0.0	97.5	0.5 frasco	1
Puré de Guayaba Gerber 2A Etapa	Frutas	49.0	0.1	12.0	0.1	1.7	0.0	97.5	0.5 frasco	1
Puré de manzana	Frutas	63.0	0.1	16.4	0.1	1.0	0.0	60.4	6 cucharada	1
Puré de manzana sin azúcar	Frutas	52.0	0.2	13.8	0.1	1.5	0.0	92.0	0.5 taza	1
Puré de papa	Cereales	119.0	2.0	17.5	4.4	1.6	332.9	0.0	0.5 taza	1
Puré de papa hojuelas	Cereales	106.0	2.5	24.4	0.1	2.0	31.2	0.0	0.5 taza	1
Puré de papa preparado	Cereales	119.0	1.6	17.5	4.4	1.6	332.9	0.0	0.5 taza	1
Puré de plátano	Frutas	50.0	0.6	12.8	0.2	1.5	0.0	208.1	0.25 taza	1
Puré de tomate enlatado	Verduras	24.0	1.0	5.6	0.1	1.5	0.0	274.4	0.25 taza	1
Quelite crudo	Verduras	26.0	3.1	2.6	0.3	0.8	0.0	400.8	80 g	1
Queso amarillo	Carnes	100.0	7.0	4.9	5.9	0.0	564.9	0.0	2 rebanada	1
Queso americano fundido	Carnes	105.0	5.8	2.3	8.2	0.0	653.3	0.0	7 cucharadita	1
Queso añejo	Carnes	95.0	5.4	1.2	7.6	0.0	0.0	0.0	25 g	1
Queso añejo rallado	Carnes	109.0	6.3	1.3	8.7	0.0	329.7	0.0	4 cucharada	1
Queso asadero	Carnes	100.0	6.4	0.8	8.0	0.0	186.0	0.0	1 rebanada	1
Queso blanco	Carnes	88.0	6.9	2.1	5.9	0.0	0.0	0.0	40 g	1
Queso blue cheese	Carnes	106.0	6.4	0.7	8.6	0.0	424.3	0.0	30 g	1
Queso brick	Carnes	94.0	5.9	0.7	7.5	0.0	142.0	0.0	25 g	1
Queso brie	Carnes	102.0	6.3	0.1	8.4	0.0	190.7	0.0	30 g	1
Queso camembert	Carnes	106.0	7.0	0.1	8.6	0.0	298.8	0.0	35 g	1
Queso canasto	Carnes	87.0	8.5	0.4	10.0	0.0	0.0	0.0	30 g	1
Queso checlclar	Carnes	85.0	5.2	0.3	7.0	0.0	130.3	0.0	0.75 rebanada	1
Queso cheddar bajo en grasa	Carnes	53.0	7.4	0.5	2.1	0.0	186.4	0.0	30 g	0
Queso cheddar rallado	Carnes	114.0	7.0	0.4	9.4	0.0	175.3	0.0	0.25 taza	0
Queso Cheezwiz	Carnes	91.0	4.0	3.0	6.9	0.0	540.5	0.0	2 cucharada	1
Queso chihuahua	Carnes	94.0	5.4	1.4	7.5	0.0	156.3	0.0	25 g	1
Queso Chihuahua fresco	Carnes	105.0	6.0	1.6	8.4	0.0	175.0	0.0	1 rebanada	1
Queso chihuahua rallado	Carnes	106.0	6.1	1.6	8.5	0.0	176.6	0.0	0.25 taza	1
Queso cotija	Carnes	87.0	8.5	0.4	10.0	0.0	0.0	0.0	30 g	1
Queso cottage	Carnes	43.0	6.6	1.7	0.9	0.0	195.0	0.0	3 cucharada	0
Queso cottage 1% grasa	Carnes	41.0	7.0	1.5	0.6	0.0	229.5	0.0	0.25 taza	0
Queso cottage 2% grasa	Carnes	43.0	6.6	1.7	0.9	0.0	195.0	0.0	3 cda	0
Queso cottage bajo en grasa	Carnes	41.0	7.0	1.5	0.6	0.0	229.5	0.0	0.25 taza	0
Queso cottage cremoso	Carnes	56.0	6.8	1.5	2.5	0.0	217.9	0.0	3 cucharada	0
Queso crema	Aceites	46.0	1.0	0.4	4.6	0.0	39.0	0.0	1 cucharada	1
Queso crema bajo en grasa	Aceites	32.0	1.1	0.3	3.0	0.0	51.1	0.0	1 cucharada	1
Queso crema light	Carnes	104.0	4.8	3.2	7.9	0.0	133.2	0.0	3 cucharada	1
Queso crema untable	Aceites	37.0	0.7	0.3	3.7	0.0	31.6	0.0	1 cucharada	1
Queso de cabra con ceniza	Carnes	94.0	6.6	0.3	7.4	0.0	130.0	0.0	35 g	0
Queso de cabra duro	Carnes	91.0	6.2	0.4	7.2	0.0	70.0	0.0	20 g	0
Queso de cabra suave	Carnes	94.0	6.6	0.3	7.4	0.0	130.0	0.0	35 g	0
Queso de puerco	Aceites	75.0	2.0	0.0	7.4	0.0	0.0	0.0	20 g	1
Queso de tuna	Azucares	42.0	0.2	10.3	0.0	0.0	0.0	0.0	13 g	1
Queso eclam	Carnes	107.0	7.5	0.4	8.3	0.0	289.5	0.0	30 g	1
Queso feta	Carnes	106.0	5.7	1.6	8.5	0.0	451.4	0.0	40 g	1
Queso fontina	Carnes	97.0	6.4	0.4	7.8	0.0	200.0	0.0	25 g	1
Queso fresco	Carnes	58.0	6.1	2.0	2.8	0.0	0.0	0.0	40 g	1
Queso fresco de cabra	Carnes	52.0	7.1	2.6	1.5	0.0	0.0	0.0	30 g	0
Queso fresco de vaca	Carnes	58.0	6.1	2.0	2.8	0.0	0.0	0.0	40 g	1
Queso fundido	Carnes	124.0	7.7	2.1	7.3	0.0	71.5	0.0	0.25 taza	1
Queso gouda	Carnes	107.0	7.5	0.7	8.2	0.0	245.7	0.0	30 g	1
Queso gruyere	Carnes	103.0	7.5	0.1	8.1	0.0	84.0	0.0	25 g	1
Queso holandés	Carnes	75.0	6.7	1.6	5.2	0.0	0.0	0.0	20 g	1
Queso manchego	Carnes	102.0	6.1	1.2	8.1	0.0	0.0	0.0	25 g	0
Queso manchego rallado	Carnes	102.0	6.1	1.2	8.1	0.0	0.0	0.0	25 g	0
Queso manchego rebanado	Carnes	102.0	6.1	1.2	8.1	0.0	0.0	0.0	25 g	0
Queso menonita	Carnes	95.0	5.4	1.4	7.5	0.0	156.3	0.0	25 g	1
Queso Monterrey	Carnes	93.0	6.1	0.2	7.6	0.0	134.0	0.0	25 g	1
Queso mozarella	Carnes	105.0	7.8	0.8	7.8	0.0	219.5	0.0	35 g	1
Queso mozzarella rallado	Carnes	105.0	7.8	0.8	7.8	0.0	219.5	0.0	35 g	0
Queso mozzarella semidescremado	Carnes	76.0	7.3	0.8	4.8	0.0	185.7	0.0	30 g	0
Queso mozzarella suave	Carnes	89.0	6.0	0.7	6.9	0.0	116.2	0.0	1 rebanada	0
Queso neufchatel	Carnes	91.0	3.5	1.0	8.2	0.0	139.7	0.0	35 g	1
Queso Oaxaca	Carnes	95.0	7.7	0.9	6.6	0.0	0.0	0.0	30 g	1
Queso panela	Carnes	58.0	6.1	2.0	2.8	0.0	0.0	0.0	40 g	1
Queso parmesano	Carnes	75.0	6.7	0.9	5.0	0.0	267.6	0.0	3.5 cucharada	0
Queso parmesano duro	Carnes	78.0	7.2	0.6	5.2	0.0	328.4	0.0	20 9	0
Queso parmesano en trozo	Carnes	78.0	7.2	0.6	5.2	0.0	320.4	0.0	20 g	0
Queso parmesano rallado	Carnes	75.0	6.7	0.9	5.0	0.0	267.6	0.0	3.5 cucharada	0
Queso pasteurizado americano	Carnes	105.0	6.2	0.4	8.7	0.0	400.4	0.0	1 rebanada	1
Queso pasteurizado suizo	Carnes	105.0	7.8	0.7	7.9	0.0	431.6	0.0	5.5 rebanada	1
Queso Petit Suisse	Lacteos	203.0	9.0	36.0	3.4	0.0	0.0	0.0	1  1/4 pieza	1
Queso Philadelphia	Aceites	46.0	1.0	0.4	4.6	0.0	39.0	0.0	1 cucharada	1
Queso port salut	Carnes	99.0	6.7	0.2	7.9	0.0	149.5	0.0	1 rebanada	1
Queso provolone	Carnes	98.0	7.2	0.6	7.5	0.0	245.3	0.0	1 rebanada	1
Queso rallado	Carnes	95.0	7.4	2.3	6.3	0.0	0.0	0.0	6 cucharada	1
Queso ricotta	Carnes	107.0	6.9	1.9	8.0	0.0	51.6	0.0	0.25 taza	0
Queso ricotta semidescremado	Carnes	76.0	6.3	2.8	4.3	0.0	68.8	0.0	55 g	0
Queso romano	Carnes	89.0	7.3	0.8	6.2	0.0	276.0	0.0	23 g	1
Queso roquefort	Carnes	92.0	5.4	0.5	7.7	0.0	452.3	0.0	25 g	1
Queso suizo rallado	Carnes	106.0	7.5	1.5	7.8	0.0	53.8	0.0	1 rebanada	1
Queso tipo roquefort	Carnes	92.0	5.4	0.5	7.7	0.0	452.3	0.0	25 g	1
Queso velveta	Carnes	100.0	6.3	3.8	7.5	0.0	525.0	0.0	35 g	0
Rábano crudo rebanado	Verduras	21.0	0.9	4.4	0.1	2.1	0.0	304.1	1.25 taza	1
Raíz de Chayóte	Cereales	70.0	1.8	15.0	0.2	0.4	0.0	0.0	110 g	1
Raíz de jengibre	Condimentos	1.0	0.0	0.3	0.0	0.0	0.3	0.0	1 cucharadita	1
Raíz fuerte	Condimentos	3.0	0.1	0.7	0.0	0.0	0.6	0.0	5 g	1
Raja de canela	Condimentos	6.0	0.1	1.8	0.1	0.0	1.2	0.0	0.3333333333333333 pieza	1
Ralladura de limón	Condimentos	5.0	0.2	1.7	0.0	0.0	0.0	0.0	5 cucharadita	1
Ralladura de naranja	Condimentos	10.0	0.2	2.5	0.0	0.0	0.0	0.0	5 cucharadita	1
Rambután	Frutas	55.0	0.6	15.0	0.3	0.9	0.0	167.4	7 pieza	1
Ravioles de espinaca crudos	Cereales	66.0	2.9	12.1	0.6	0.0	6.5	0.0	25 g	1
Ravioles de huitlacoche crudos	Cereales	74.0	2.9	14.2	0.6	0.0	7.8	0.0	30 g	1
Ravioles de requesón crudos	Cereales	65.0	2.6	12.4	0.5	0.0	6.5	0.0	25 g	1
Ravioles de verdura crudos	Cereales	66.0	2.9	12.1	0.6	0.0	6.5	0.0	25 g	1
Red Bull (bebida energetica)	Azucares	37.0	0.2	9.0	0.1	0.0	69.3	0.0	0.3333333333333333 lata	1
Red Bull sugar free *	Condimentos	6.0	0.3	0.9	0.1	0.0	105.0	0.0	0.5 lata	1
Refresco	Azucares	38.0	0.0	9.7	0.0	0.0	3.5	0.0	0.25 lata	1
Refresco de cola	Azucares	38.0	0.0	9.7	0.0	0.0	3.5	0.0	0.25 lata	1
Refresco de dieta	Condimentos	1.0	0.0	0.1	0.0	0.0	5.7	0.0	1 lata	1
Refresco de frutas	Azucares	44.0	0.0	11.1	0.0	0.0	59.2	0.0	0.25 lata	1
Refresco en polvo sin azúcar	Condimentos	5.0	0.0	0.0	0.0	0.0	2.0	0.0	1 sobre	1
Requesón promedio	Carnes	43.0	3.6	0.7	2.9	0.0	93.6	0.0	2 cucharada	1
Retazo	Carnes	104.0	5.6	0.0	8.9	0.0	20.7	0.0	350 g	1
Retazo con hueso	Carnes	104.0	5.6	0.0	8.9	0.0	20.7	0.0	350 g	1
Retazo de carnero	Carnes	56.0	7.1	0.0	2.8	0.0	37.5	0.0	500 g	0
Retazo de pescado crudo	Carnes	35.0	7.2	0.0	0.5	0.0	22.2	0.0	350 g	1
Retazo de pollo	Carnes	104.0	5.6	0.0	8.9	0.0	20.7	0.0	350 g	1
Retazo de res	Carnes	104.0	5.6	0.0	8.9	0.0	20.7	0.0	350 g	1
Retazo de ternera	Carnes	104.0	5.6	0.0	8.9	0.0	20.7	0.0	350 g	1
Rib eye	Carnes	82.0	5.3	0.0	6.6	0.0	16.8	0.0	30 g	1
Rib eye sin grasa	Carnes	56.0	7.0	0.0	2.9	0.0	17.3	0.0	25 g	1
Ríñones de carnero crudos	Carnes	39.0	6.5	0.3	1.2	0.0	0.0	0.0	40 g	0
Ríñones de cerdo cocidos	Carnes	42.0	7.1	0.0	1.3	0.0	22.4	0.0	28 g	1
Ríñones de res cocidos	Carnes	40.0	6.8	0.0	1.2	0.0	23.5	0.0	25 g	1
Ríñones de ternera cocidos	Carnes	41.0	6.6	0.0	1.4	0.0	27.5	0.0	25 g	1
Roast beef	Carnes	36.0	6.6	0.5	0.9	0.0	328.8	0.0	2.5 rebanada	1
Robalo cocido	Carnes	34.0	7.3	0.0	0.3	0.0	26.1	0.0	30 g	1
Robalo crudo	Carnes	33.0	7.2	0.0	0.3	0.0	26.1	0.0	75 g	1
Robalo fileteado	Carnes	35.0	7.6	0.0	0.3	0.0	27.3	0.0	40 g	1
Roles de canela	Cereales	116.0	1.8	15.6	5.6	0.0	108.7	0.0	0.3333333333333333 pieza	1
Roles de canela con pasas	Cereales	109.0	1.6	14.9	4.8	0.7	112.4	0.0	0.3333333333333333 pieza	1
Roles de fruta	Cereales	112.0	1.6	15.0	5.3	0.0	111.0	0.0	0.3333333333333333 pieza	1
Rollo de frutas	Frutas	78.0	0.0	18.0	0.6	0.0	0.0	62.0	1 pieza	1
Romeritos crudos	Verduras	26.0	2.6	3.5	0.1	0.7	0.0	0.0	120 g	1
Romero	Condimentos	11.0	0.2	2.0	0.5	0.0	1.5	0.0	1 cucharadita	1
Romero deshidratado	Condimentos	7.0	0.1	1.3	0.3	0.0	1.0	0.0	1 cucharadita	1
Romero picado	Condimentos	6.0	0.1	1.1	0.3	0.0	0.9	0.0	0.5 cucharadita	1
Rompope	Bebidas	141.0	0.0	14.0	0.0	0.0	0.0	0.0	60 ml	1
Rompope sin alcohol	Azucares	86.0	2.4	8.6	4.8	0.0	34.5	0.0	0.25 taza	1
Ron blanco o añejo	Bebidas	139.0	0.0	0.0	0.0	0.0	0.0	0.0	60 ml	1
Sandía picada	Frutas	48.0	1.0	12.1	0.2	0.6	0.0	186.0	1 taza	1
Sandía rebanada	Frutas	60.0	1.3	15.1	0.3	0.8	0.0	232.5	1 rebanada	1
Sagú	Cereales	70.0	1.1	16.3	0.0	0.8	0.0	0.0	55 g	1
Sal	Condimentos	0.0	0.0	0.0	0.0	0.0	2325.0	0.0	1 cucharadita	1
Sal de ajo	Condimentos	4.0	0.0	0.8	0.0	0.0	760.0	0.0	1 cucharadita	1
Sal de apio	Condimentos	4.0	0.0	0.8	0.0	0.0	760.0	0.0	1 cucharadita	1
Sal de potasio	Condimentos	0.0	0.0	0.0	0.0	0.0	0.0	0.0	1 cucharadita	1
Salami	Carnes	104.0	6.3	1.0	8.1	0.0	542.7	0.0	3 rebanada	0
Salami de pavo	Carnes	72.0	8.1	0.7	3.9	0.0	421.7	0.0	6 rebanada	0
Salámi de ternera	Carnes	110.0	6.4	1.1	8.8	0.0	493.0	0.0	6 rebanada	0
Salchicha	Carnes	114.0	6.6	0.0	9.6	0.0	252.8	0.0	0.75 pieza	1
Salchicha ahumada	Carnes	109.0	4.1	0.8	9.8	0.0	309.7	0.0	0.5 pieza	1
Salchicha de pavo	Carnes	86.0	10.5	0.7	4.6	0.0	293.3	0.0	1 pieza	1
Salchicha de pollo	Carnes	100.0	6.2	0.0	8.1	0.0	344.3	0.0	0.75 pieza	1
Salchicha de puerco	Carnes	114.0	6.6	0.0	9.6	0.0	252.8	0.0	0.75 pieza	1
Salchicha de ternera	Carnes	90.0	3.4	0.5	8.1	0.0	292.5	0.0	0.5 pieza	1
Salchicha vienna	Carnes	110.0	5.0	1.2	9.3	0.0	465.1	0.0	3 pieza	0
Salchicha vienna ahumada	Carnes	93.0	4.3	1.1	7.9	0.0	392.4	0.0	1.5 pieza	0
Salmón	Carnes	55.0	6.0	0.0	3.2	0.0	17.6	0.0	30 g	1
Salmón ahumado	Carnes	41.0	6.4	0.0	1.5	0.0	274.4	0.0	35 g	1
Salmón cocido	Carnes	55.0	6.0	0.0	3.2	0.0	17.6	0.0	30 g	1
Salmón en aceite	Carnes	71.0	7.6	0.0	4.9	0.0	165.6	0.0	35 g	1
Salmón fresco	Carnes	55.0	6.0	0.0	3.2	0.0	17.6	0.0	30 g	1
Salsa alfredo	Aceites	44.0	0.7	0.8	4.3	0.0	50.8	0.0	1 cucharada	1
Salsa bearnesa industrializada	Aceites	61.0	2.3	9.9	1.5	0.0	564.4	0.0	4 cucharadita	1
Salsa bechamel	Aceites	66.0	1.7	4.1	4.8	0.0	159.5	0.0	3 cucharadas	1
Salsa blanca	Aceites	66.0	1.7	4.1	4.8	0.0	159.5	0.0	3 cucharadas	1
Salsa catsup	Azucares	29.0	0.5	7.6	0.1	0.0	334.2	0.0	2 cucharada	1
Salsa de ajonjolí	Aceites	63.0	2.6	2.3	5.3	0.0	50.4	0.0	2 cucharadita	1
Salsa de barbecue	Condimentos	6.0	0.1	1.0	0.1	0.0	64.9	0.0	0.5 cucharada	1
Salsa de cacahuate	Aceites	63.0	2.6	2.3	5.3	0.0	52.0	0.0	2 cucharadita	1
Salsa de cebollín	Azucares	63.0	0.3	3.3	4.7	0.0	24.1	0.0	25 g	1
Salsa de chile	Verduras	28.0	1.2	5.2	0.2	2.8	0.0	234.6	0.5 taza	1
Salsa de Epazote	Azucares	82.0	1.3	4.7	6.2	0.0	178.5	0.0	40 g	1
Salsa de manzana	Azucares	42.0	0.1	10.7	0.0	0.0	37.1	0.0	1 cucharada	1
Salsa de pimienta verde	Aceites	72.0	2.3	6.0	4.4	0.0	280.4	0.0	5 cucharada	1
Salsa de queso	Aceites	67.0	3.5	1.8	5.1	0.0	167.7	0.0	2 cucharada	1
Salsa de soya	Condimentos	3.0	0.4	0.3	0.0	0.0	340.8	0.0	1 cucharadita	1
Salsa de tamarindo	Azucares	40.0	0.3	8.8	0.7	0.0	131.5	0.0	25 g	1
Salsa demiglass	Azucares	36.0	1.3	7.5	0.5	0.0	576.2	0.0	0.3333333333333333 taza	1
Salsa gravie de champiñones	Cereales	106.0	2.7	11.6	5.6	0.8	1196.6	0.0	1 taza	1
Salsa gravie de pollo	Cereales	94.0	2.3	6.4	6.8	0.5	687.0	0.0	0.5 taza	1
Salsa gravie de res	Cereales	93.0	6.6	8.4	4.2	0.8	982.5	0.0	0.75 taza	1
Salsa holandesa industrializada	Aceites	44.0	0.9	2.6	3.7	0.0	292.0	0.0	0.5 cucharada	1
Salsa inglesa	Condimentos	8.0	1.0	3.8	0.5	0.0	82.5	0.0	0.5 cucharada	1
Salsa pesto	Aceites	66.0	3.1	0.9	5.5	0.0	103.2	0.0	4 cucharadita	1
Salsa Tabasco	Condimentos	1.0	0.0	0.1	0.0	0.0	38.4	0.0	1 cucharadita	1
Salsa tártara industrializada	Aceites	52.0	0.0	2.1	5.2	0.0	93.0	0.0	1 cucharadita	1
Salsa tártara sin grasa	Aceites	36.0	0.0	7.3	1.5	0.0	305.2	0.0	3 cucharada	1
Salsa teriyaki	Condimentos	5.0	0.3	0.8	0.0	0.0	254.7	0.0	1 cucharadita	1
Salsa velouté	Aceites	38.0	0.6	1.1	3.4	0.0	98.3	0.0	5.5 cucharada	1
Salsifí	Verduras	18.0	0.3	4.0	0.0	0.4	0.0	86.5	35 g	1
Salvado de maíz	Cereales	64.0	2.4	24.4	0.2	24.4	2.3	0.0	6 cucharada	1
Salvado de trigo	Cereales	66.0	4.8	19.8	1.3	13.1	1.0	0.0	8 cucharada	1
Salvia	Condimentos	3.0	0.1	0.6	0.1	0.0	0.0	0.0	1 cucharadita	1
Saramuyo	Frutas	63.0	1.8	13.8	0.8	0.0	0.0	0.0	130 g	1
Sardinas en aceite	Carnes	75.0	8.9	0.0	4.1	0.0	181.8	0.0	3 pieza	1
Sardinas en tomate	Carnes	71.0	7.9	0.3	4.0	0.0	157.3	0.0	1 pieza	1
Sats orugas	Carnes	35.0	7.0	0.0	0.8	0.0	0.0	0.0	65 g	1
Selección de botana mexicana	Aceites	62.0	2.3	2.0	5.0	0.0	120.0	0.0	1 cucharada	1
Semilla de anís	Condimentos	7.0	0.4	1.0	0.3	0.0	0.0	0.0	1 cucharadita	1
Semilla de apio	Condimentos	8.0	0.4	0.8	0.5	0.0	3.0	0.0	i cucharadita	1
Semilla de calabaza	Aceites	61.0	3.4	1.6	5.1	0.0	0.0	0.0	1.5 cucharada	1
Semilla de calabaza menuda	Aceites	65.0	5.3	3.0	4.1	0.0	0.0	0.0	2 cucharada	1
Semilla de cardamomo	Condimentos	6.0	0.2	1.4	0.1	0.0	0.0	0.0	1 cucharadita	1
Semilla de chía	Aceites	66.0	3.3	1.8	5.6	0.0	11.7	0.0	5 cucharadita	1
Semilla de cilantro	Condimentos	6.0	0.2	1.1	0.4	0.0	1.0	0.0	1 cucharadita	1
Semilla de eneldo	Condimentos	6.0	0.3	1.1	0.3	0.0	0.0	0.0	1 cucharadita	1
Semilla de girasol	Aceites	69.0	2.7	2.1	6.0	0.0	0.4	0.0	4 cucharadita	1
Semilla de girasol tostada	Aceites	71.0	2.4	2.9	6.0	0.0	0.4	0.0	4 cucharadita	1
Semilla de guaje verde	Verduras	28.0	2.5	4.0	0.2	0.5	0.0	0.0	65 g	1
Semilla de jinicuil	Frutas	58.0	4.8	10.8	0.4	0.4	0.0	0.0	200 9	0
Semilla de mostaza	Condimentos	7.0	0.4	0.5	0.5	0.0	0.0	0.0	0.5 cucharadita	1
Semolina enriquecida	Cereales	72.0	2.5	14.6	0.2	0.8	0.2	0.0	20 g	1
Sesos de cerdo cocidos	Carnes	69.0	6.1	0.0	4.8	0.0	45.5	0.0	50 g	1
Sesos de cordero cocidos	Carnes	73.0	6.3	0.0	5.1	0.0	67.0	0.0	50 g	1
Sesos de res cocidos	Carnes	91.0	7.0	0.9	6.3	0.0	64.8	0.0	60 g	1
Sesos de res crudos	Carnes	105.0	8.0	0.8	7.6	0.0	92.6	0.0	75 g	1
Sesos de res fritos	Carnes	108.0	6.9	0.0	8.7	0.0	86.9	0.0	55 g	1
Sesos de ternera cocidos	Carnes	68.0	5.7	0.0	4.8	0.0	78.0	0.0	50 g	1
Setas cocidas	Verduras	21.0	2.5	3.4	0.3	2.0	0.0	0.0	0.5 taza	1
Setas crudas	Verduras	23.0	2.7	3.7	0.3	2.1	0.0	314.5	100 g	1
Short loin	Carnes	54.0	7.2	0.0	2.6	0.0	17.0	0.0	25 g	1
Sidra	Bebidas	150.0	0.0	18.0	0.0	0.0	0.0	0.0	2 copa	1
Sidral de dieta	Condimentos	1.0	0.0	0.1	0.0	0.0	5.7	0.0	1 lata	1
Sidral light	Condimentos	1.0	0.0	0.1	0.0	0.0	5.7	0.0	1 lata	1
Sierra	Carnes	78.0	7.3	0.0	5.2	0.0	0.0	0.0	50 g	1
Sierra ahumada	Carnes	51.0	7.3	0.0	2.2	0.0	12.7	0.0	30 g	1
Sierra fileteada	Carnes	73.0	6.8	0.0	4.9	0.0	0.0	0.0	35 g	1
Sierra picada	Carnes	73.0	6.8	0.0	4.9	0.0	0.0	0.0	35 g	1
Sirloin	Carnes	51.0	7.6	0.0	2.0	0.0	16.5	0.0	25 g	1
So be rush	Azucares	52.0	0.4	10.7	0.0	0.0	43.6	0.0	0.3333333333333333 lata	1
Sopa instantánea ramen sin preparar	Cereales	68.0	2.0	11.6	1.0	0.7	503.4	0.0	6 cucharada	1
Sorgo	Cereales	61.0	2.0	13.4	0.6	0.0	1.1	0.0	1.5 cucharada	1
Soya cocida	Leguminosas	98.0	9.4	5.6	5.1	3.4	139.1	0.0	0.3333333333333333 taza	1
Soya texturizada	Leguminosas	111.0	13.5	13.6	1.0	6.3	226.3	0.0	35 g	1
Squirt de dieta	Condimentos	1.0	0.0	0.1	0.0	0.0	5.7	0.0	1 lata	1
Squirt light	Condimentos	1.0	0.0	0.1	0.0	0.0	5.7	0.0	1 lata	1
Strudel de manzana	Cereales	98.0	1.2	14.6	4.0	0.8	95.5	0.0	0.5 rebanada	1
Suadero crudo	Carnes	76.0	7.8	0.0	4.8	0.0	20.3	0.0	29 g	1
Surimi	Carnes	39.0	6.0	2.7	0.4	0.0	56.6	0.0	0.6666666666666666 barra	0
Surími imitación camarón	Carnes	40.0	4.9	3.7	0.6	0.0	282.0	0.0	40 g	0
Sustituto de huevo en polvo	Carnes	56.0	6.9	2.7	1.6	0.0	100.0	0.0	10.5 cucharada	1
Sustituto de huevo líquido	Carnes	51.0	7.1	0.4	2.0	0.0	106.0	0.0	4 cucharada	1
Tallarín crudo	Cereales	74.0	2.5	15.0	0.2	0.1	0.4	0.0	20 g	1
Tallarín rojo cocido	Cereales	55.0	1.8	11.1	0.2	0.1	0.0	0.0	0.3333333333333333 taza	1
Tallarín verde cocido	Cereales	55.0	1.8	11.1	0.2	0.1	0.0	0.0	0.3333333333333333 taza	1
Tamal de carne	Cereales	102.0	3.1	8.8	6.0	0.1	70.4	0.0	0.2 pieza	1
Tamal de elote	Cereales	86.0	1.1	9.9	4.3	0.4	234.3	0.0	0.2 pieza	1
Tamal de frijol	Cereales	103.0	1.5	9.1	7.2	0.4	112.9	0.0	0.2 pieza	1
Tamal de queso con rajas	Cereales	104.0	2.0	9.1	7.1	0.4	130.3	0.0	0.2 pieza	1
Tamal rojo	Cereales	103.0	0.9	11.0	6.5	0.2	0.0	0.0	0.16666666666666666 pieza	1
Tamal verde	Cereales	103.0	0.9	11.0	6.5	0.2	0.0	0.0	0.16666666666666666 pieza	1
Tamarindo	Frutas	60.0	0.7	15.6	0.1	1.3	0.0	157.1	50 g	1
Tamarindo (pulpa sin azúcar)	Frutas	57.0	0.1	14.7	0.1	0.5	0.0	0.0	8 cucharada	1
Tamarindo pelado	Frutas	72.0	0.9	18.8	0.2	1.5	0.0	188.5	0.25 taza	1
Tampiqueña	Carnes	36.0	7.2	0.0	0.8	0.0	18.0	0.0	0.25 pieza	1
Tampiqueña de filete	Carnes	36.0	7.2	0.0	0.8	0.0	18.0	0.0	0.25 pieza	1
Tangerina	Frutas	56.0	0.6	15.3	0.3	0.4	0.0	227.5	2 pieza	1
Tapioca	Cereales	65.0	0.0	16.2	0.0	0.0	0.0	0.0	2 cucharada	1
T-bone con grasa cocido	Carnes	96.0	7.4	0.0	7.2	0.0	21.1	0.0	35 g	1
T-bone sin grasa	Carnes	49.0	6.4	0.0	2.4	0.0	17.0	0.0	30 g	1
Té helado en polvo	Azucares	41.0	0.0	10.1	0.1	0.0	0.5	0.0	4 cucharadita	1
Tejocote	Frutas	52.0	0.5	13.1	0.4	1.6	0.0	0.0	2 pieza	1
Telera	Cereales	62.0	1.8	11.5	0.8	0.6	124.7	0.0	0.3333333333333333 pieza	1
Tequila	Bebidas	146.0	0.0	0.0	0.0	0.0	0.0	0.0	55 ml	1
Ternera	Carnes	55.0	6.9	0.0	2.8	0.0	31.5	0.0	35 g	1
Ternera en canal	Carnes	59.0	7.5	0.0	3.0	0.0	34.2	0.0	40 g	1
Tocino	Aceites	44.0	0.7	0.0	4.6	0.0	54.8	0.0	1 rebanada del.	1
Tocino ahumado	Aceites	44.0	0.7	0.0	4.6	0.0	54.8	0.0	1 rebanada del.	1
Tocino en lonja	Aceites	44.0	0.7	0.0	4.6	0.0	54.8	0.0	8 g	1
Tocino frito	Aceites	39.0	0.6	0.0	4.0	0.0	48.0	0.0	1 rebanada	1
Tocino imitación	Aceites	41.0	1.0	0.1	3.9	0.0	96.7	0.0	1 rebanada	1
Tocino vegetariano	Aceites	63.0	2.3	1.3	6.0	0.0	292.5	0.0	2 rebanada	1
Tomate verde	Verduras	21.0	0.9	3.9	0.2	2.1	0.0	175.4	5 pieza	1
Tomatitos (tamiles)	Verduras	26.0	2.3	4.1	0.1	0.8	0.0	131.6	75 g	1
Tomillo	Condimentos	7.0	0.2	1.3	0.2	0.0	1.0	0.0	1 cucharadita	1
Toronja	Frutas	54.0	0.9	13.7	0.2	1.8	0.0	225.7	1 pieza	1
Toronja en gajos	Frutas	50.0	0.8	12.6	0.2	1.7	0.0	208.5	1 taza	1
Tortilla	Cereales	64.0	1.4	13.6	0.5	0.6	0.0	0.0	1 pieza	1
Tortilla de harina	Cereales	44.0	1.0	7.5	1.1	0.5	104.5	0.0	0.5 pieza	1
Tortilla de harina integral	Cereales	76.0	2.1	11.7	2.5	0.0	167.4	0.0	1 pieza	1
Tortilla de maíz	Cereales	64.0	1.4	13.6	0.5	0.6	0.0	0.0	1 pieza	1
Tortilla de maíz amarillo	Cereales	68.0	1.5	14.5	0.6	0.7	0.0	0.0	1 pieza	1
Tortilla de maíz azul o negro	Cereales	62.0	1.2	13.0	0.6	0.5	0.0	0.0	0.75 pieza	1
Tortilla de maíz blanco	Cereales	67.0	1.8	14.2	0.5	1.3	0.0	0.0	1 pieza	1
Tortilla de maíz nixtamalizada	Cereales	53.0	1.3	10.2	0.5	1.4	9.1	0.0	1 pieza	1
Tortilla de maíz y soya	Cereales	75.0	2.2	13.8	1.4	0.7	0.0	0.0	1 pieza	1
Tortilla de maíz y trigo	Cereales	73.0	3.2	14.9	0.5	1.4	0.0	0.0	1 pieza	1
Tortilla integral de harina	Cereales	76.0	2.1	11.7	2.5	0.0	167.4	0.0	1 pieza	1
Tostada	Cereales	94.0	1.5	12.9	3.7	0.0	15.0	0.0	1.5 pieza	1
Tostada rayada	Cereales	98.0	1.6	13.5	3.9	0.0	15.7	0.0	2 pieza	1
Tostada tipo Jalisco	Cereales	98.0	1.6	13.5	3.9	0.0	15.7	0.0	2 pieza	1
Totopos de maíz	Cereales	101.0	1.4	12.7	5.3	1.3	107.1	0.0	20 g	1
Trenza glaseada	Cereales	89.0	0.7	12.9	4.0	0.3	74.5	0.0	0.3333333333333333 pieza	1
Tribu (bebida energetica)	Azucares	40.0	0.3	9.2	0.0	0.0	62.7	0.0	0.3333333333333333 lata	1
Trigo	Cereales	71.0	2.2	15.4	0.5	0.7	0.6	0.0	1.5 cucharada	1
Trigo cocido	Cereales	70.0	2.2	15.1	0.5	0.7	0.6	0.0	1.5 cucharada	1
Trigo entero	Cereales	63.0	2.0	13.8	0.5	0.6	0.6	0.0	2 cucharada	1
Trigo germinado	Cereales	118.0	4.5	18.9	2.7	0.0	176.7	0.0	0.3333333333333333 taza	1
Trigo triturado	Cereales	66.0	2.1	14.3	0.5	0.6	0.6	0.0	1.5 cucharada	1
Tripas de res	Carnes	109.0	5.6	0.0	9.5	0.0	22.8	0.0	55 g	1
Trucha	Carnes	54.0	5.9	0.0	3.2	0.0	22.5	0.0	70 g	1
Trucha ahumada	Carnes	51.0	7.3	0.0	2.2	0.0	12.7	0.0	30 g	1
Trucha cocida	Carnes	51.0	7.3	0.0	2.2	0.0	12.7	0.0	30 g	1
Trucha fileteada	Carnes	59.0	6.4	0.0	3.5	0.0	24.5	0.0	35 g	1
Trucha fresca	Carnes	42.0	7.2	0.0	1.2	0.0	10.7	0.0	35 g	1
Tuna	Frutas	56.0	1.0	13.2	0.7	5.0	0.0	302.5	2 pieza	1
Tuna cardona	Frutas	56.0	1.0	13.2	0.7	5.0	0.0	302.5	2 pieza	1
Tuna picada	Frutas	62.0	1.1	14.4	0.8	5.4	0.0	330.0	1 taza	1
Tuna roja	Frutas	56.0	1.0	13.2	0.7	5.0	0.0	302.5	2 pieza	1
Ubre	Carnes	105.0	6.9	0.0	8.4	0.0	0.0	0.0	45 g	1
Uva	Frutas	61.0	0.6	15.3	0.5	1.1	0.0	158.5	18 pieza	1
Uva blanca	Frutas	59.0	0.6	15.0	0.3	0.8	0.0	167.2	1 taza	1
Uva con semilla	Frutas	57.0	0.5	14.7	0.3	0.8	0.0	158.2	0.75 taza	1
Uva pasa	Frutas	57.0	0.5	15.0	0.1	1.3	0.0	157.6	1 pieza	1
Uva roja	Frutas	57.0	0.5	14.7	0.3	0.8	0.0	158.2	0.75 taza	1
Uva sin semilla	Frutas	55.0	0.6	15.0	0.3	0.9	0.0	167.2	1 taza	1
Uva verde	Frutas	55.0	0.6	15.0	0.3	0.9	0.0	167.2	1 taza	1
Uva verde sin semilla	Frutas	55.0	0.6	15.0	0.3	0.9	0.0	167.2	1 taza	1
Vainilla	Condimentos	8.0	0.0	0.4	0.0	0.0	0.0	0.0	1 cucharadita	1
Vainilla en trozo	Condimentos	6.0	0.1	2.0	0.1	0.0	1.3	0.0	0.25 raja	1
Velveta	Carnes	100.0	6.3	3.8	7.5	0.0	525.0	0.0	35 g	0
Venado cocido (carne magra)	Carnes	42.0	6.0	0.0	1.8	0.0	17.6	0.0	25 g	0
Venado crudo (carne magra)	Carnes	42.0	5.9	0.0	1.9	0.0	20.3	0.0	30 g	0
Verdolaga cocida	Verduras	21.0	1.7	4.1	0.2	0.9	0.0	561.1	1 taza	1
Verdolaga cruda limpia	Verduras	19.0	1.6	4.1	0.1	1.0	0.0	592.8	1.25 taza	1
Vermouth seco	Bebidas	134.0	0.0	0.0	0.0	0.0	0.0	0.0	60 ml	1
Vinagre	Condimentos	1.0	0.0	0.3	0.0	0.0	0.0	0.0	1 cucharadita	1
Vinagre balsámico	Condimentos	1.0	0.0	0.3	0.0	0.0	0.0	0.0	1 cucharadita	1
Vinagre blanco	Condimentos	1.0	0.0	0.3	0.0	0.0	0.0	0.0	1 cucharadita	1
Vinagre de caña	Condimentos	1.0	0.0	0.3	0.0	0.0	0.0	0.0	1 cucharadita	1
Vinagre de fruta	Condimentos	1.0	0.0	0.3	0.0	0.0	0.0	0.0	1 cucharadita	1
Vinagre de jerez	Condimentos	1.0	0.0	0.3	0.0	0.0	0.0	0.0	1 cucharadita	1
Vinagre de manzana	Condimentos	1.0	0.0	0.3	0.0	0.0	0.0	0.0	1 cucharadita	1
Vinagre de sidra	Condimentos	1.0	0.0	0.3	0.0	0.0	0.0	0.0	1 cucharadita	1
Vinagre de vino	Condimentos	1.0	0.0	0.3	0.0	0.0	0.0	0.0	1 cucharadita	1
Vinagre de yema	Condimentos	1.0	0.0	0.3	0.0	0.0	0.0	0.0	1 cucharadita	1
Vinagreta	Aceites	36.0	0.0	0.2	4.0	0.0	0.0	0.0	0.5 cucharada	1
Vinagreta baja en calorías	Aceites	38.0	0.0	7.5	0.0	0.0	1000.0	0.0	5 cucharada	1
Vinagreta comercial	Aceites	46.0	0.0	3.0	3.8	0.0	187.5	0.0	5.5 cucharada	1
Vino (12.2% alcohol)	Bebidas	137.0	0.0	8.0	0.0	0.0	0.0	0.0	1 copa	1
Vino blanco dulce	Bebidas	160.0	0.0	14.0	0.0	0.0	0.0	0.0	1 copa	1
Vino blanco seco	Bebidas	164.0	0.0	5.0	0.0	0.0	0.0	0.0	2 copa	1
Vino de manzana	Bebidas	191.0	0.0	15.0	0.0	0.0	0.0	0.0	1 copa	1
Vino de mesa	Bebidas	166.0	0.0	5.0	0.0	0.0	0.0	0.0	2 copa	1
Vino espumoso	Bebidas	101.0	0.0	2.0	0.0	0.0	0.0	0.0	1 copa	1
Vino rosado	Bebidas	134.0	0.0	3.0	0.0	0.0	0.0	0.0	2 copa	1
Vino tinto	Bebidas	170.0	0.0	5.0	0.0	0.0	0.0	0.0	2 copa	1
Vitalinea natural bebible	Lacteos	90.0	7.8	14.8	0.0	0.0	0.0	0.0	1 pieza	1
Vitalinea natural sólido	Lacteos	77.0	7.4	11.4	0.0	0.0	0.0	0.0	1 pieza	1
Vodka	Bebidas	139.0	0.0	0.0	0.0	0.0	0.0	0.0	60 ml	1
Wafle	Cereales	87.0	2.0	13.4	2.7	0.8	260.0	0.0	1 pieza	0
Wafle con mantequilla	Cereales	109.0	2.5	15.5	4.0	0.7	230.0	0.0	1 pieza	0
Wafle con manzana y canela	Cereales	110.0	2.5	16.5	3.9	0.5	225.5	0.0	1 pieza	0
Wafle estilo casero	Cereales	109.0	2.6	16.0	38.0	0.5	240.0	0.0	1 pieza	0
Wafle integral	Cereales	91.0	2.6	16.0	3.1	3.0	205.0	0.0	1 pieza	0
Wafle miniatura	Cereales	112.0	3.0	16.3	3.9	0.9	258.1	0.0	2 pieza	0
Whisky	Bebidas	138.0	0.0	0.0	0.0	0.0	0.0	0.0	55 ml	1
Xoconostle	Verduras	18.0	0.1	3.7	0.3	1.6	0.0	0.0	3 pieza	1
Xocoyol	Frutas	56.0	0.5	14.9	0.2	2.9	0.0	0.0	900 g	1
Yema	Carnes	108.0	5.4	1.2	9.0	0.0	16.3	0.0	2 pieza	1
Yema de huevo	Carnes	108.0	5.4	1.2	9.0	0.0	16.3	0.0	2 pieza	1
Yema de huevo en polvo	Carnes	103.0	5.3	0.6	8.6	0.0	20.9	0.0	3 cucharada	1
Yemitas (hongo) crudas	Verduras	20.0	3.6	4.8	1.3	2.7	0.0	0.0	1.5 taza	1
Yerbamora cruda	Verduras	21.0	2.0	3.6	0.3	0.6	0.0	0.0	50 g	1
Yoghurt	Lacteos	139.0	7.9	10.6	7.4	0.0	105.0	0.0	1 taza	1
Yoghurt Activia de Ciruela Pasa	Lacteos	206.0	6.0	30.9	6.4	0.0	94.7	0.0	1  1/3 vasito	1
Yoghurt bajo en grasa	Lacteos	83.0	2.7	16.0	0.8	0.0	36.6	0.0	0.3333333333333333 taza	1
Yoghurt bebible sabor durazno	Lacteos	224.0	8.0	40.9	2.3	0.0	99.5	0.0	2 pieza	1
Yoghurt bebible sabor fresa	Lacteos	224.0	8.0	40.9	2.3	0.0	0.1	0.0	2 pieza	1
Yoghurt bebible sabor pina colada	Lacteos	224.0	8.0	40.9	2.3	0.0	99.5	0.0	2 pieza	1
Yoghurt de café	Lacteos	180.0	8.0	32.8	2.1	0.0	95.3	0.0	0.75 taza	1
Yoghurt de fruta	Lacteos	201.0	8.0	33.9	3.2	0.0	105.9	0.0	0.75 taza	1
Yoghurt de vainilla	Lacteos	201.0	8.0	33.9	3.2	0.0	100.6	0.0	0.75 taza	1
Yoghurt light	Lacteos	95.0	6.4	15.9	0.0	0.0	100.6	0.0	0.75 taza	1
Yoghurt light de fruta	Lacteos	95.0	5.3	16.9	0.0	0.0	79.4	0.0	0.75 taza	1
Yoghurt natural	Lacteos	139.0	7.9	10.6	7.4	0.0	105.0	0.0	1 taza	1
Yoghurt para beber con fruta bajo en calorías	Lacteos	80.0	5.5	14.0	0.0	0.0	82.5	0.0	1 pieza	1
Yoghurt para beber sabor fruta	Lacteos	216.0	6.0	37.5	5.0	0.0	81.3	0.0	1  1/4 pieza	1
Yuca	Cereales	72.0	0.6	16.8	0.4	0.7	4.8	0.0	0.25 pieza	1
Yuquilla	Cereales	73.0	5.6	13.2	0.0	1.7	0.0	0.0	160 g	1
Zanahoria miniatura cruda	Verduras	16.0	0.3	3.7	0.1	1.3	0.0	106.7	3 pieza	1
Zanahoria picada cruda	Verduras	26.0	0.6	4.3	0.2	1.8	0.0	204.8	0.5 taza	1
Zanahoria rallada cruda	Verduras	23.0	0.5	4.1	0.1	1.5	0.0	176.0	0.5 taza	1
Zapote	Frutas	68.0	1.1	17.1	0.3	1.3	0.0	174.2	0.25 pieza	1
Zapote amarillo	Frutas	49.0	0.7	12.4	0.3	0.7	0.0	29.1	0.3333333333333333 pieza	1
Zapote blanco	Frutas	53.0	1.3	12.2	0.5	0.9	0.0	0.0	0.3333333333333333 pieza	1
Zapote borracho	Frutas	63.0	0.6	16.3	0.4	0.5	0.0	0.0	0.25 pieza	1
Zapote negro	Frutas	52.0	0.7	13.5	0.1	1.1	0.0	0.0	0.5 pieza	1
Zapote negro limpio	Frutas	64.0	0.9	16.7	0.1	1.4	0.0	0.0	0.5 taza	1
Zarzamora	Frutas	56.0	0.8	13.8	0.6	4.4	0.0	211.7	0.75 taza	1